angle [deg]	counting rate [cps]
15.00	0.66
15.20	0.16
15.30	0.99
15.40	1.33
15.50	0.99
15.60	0.66
15.70	0.49
15.80	0.83
15.90	0.99
16.00	0.82
16.10	1.33
16.20	1.17
16.30	1.50
16.40	1.83
16.50	0.99
16.60	0.83
16.70	0.82
16.80	0.66
16.90	0.99
17.00	1.16
17.10	1.33
17.20	1.49
17.30	0.82
17.40	0.83
17.50	1.67
17.60	1.50
17.70	0.99
17.80	1.16
17.90	1.16
18.00	0.99
18.10	1.16
18.20	1.33
18.30	1.49
18.40	1.66
18.50	1.33
18.60	1.66
18.70	1.66
18.80	1.67
18.90	2.17
19.00	2.00
19.10	1.99
19.20	2.15
19.30	1.50
19.40	1.33
19.50	2.16
19.60	3.17
19.70	2.50
19.80	1.16
19.90	0.82
20.00	0.66
20.10	1.16
20.20	1.33
20.30	1.33
20.40	1.50
20.50	1.67
20.60	1.67
20.70	1.33
20.80	0.99
20.90	1.50
21.00	1.83
21.10	1.50
21.20	1.33
21.30	0.82
21.40	1.33
21.50	1.33
21.60	1.33
21.70	1.49
21.80	1.16
21.90	1.50
22.00	2.00
22.10	2.17
22.20	1.83
22.30	1.83
22.40	2.49
22.50	2.16
22.60	1.50
22.70	1.50
22.80	1.16
22.90	1.33
23.00	1.83
23.10	1.33
23.20	0.99
23.30	1.50
23.40	1.66
23.50	1.50
23.60	1.83
23.70	2.50
23.80	1.66
23.90	1.17
24.00	2.33
24.10	3.00
24.20	2.83
24.30	2.16
24.40	1.83
24.50	1.83
24.60	1.66
24.70	1.83
24.80	1.83
24.90	2.16
25.00	2.16
25.10	2.16
25.20	2.50
25.30	1.84
25.40	1.17
25.50	1.99
25.60	2.65
25.70	1.83
25.80	1.66
25.90	2.33
26.00	3.17
26.10	3.17
26.20	2.17
26.30	2.00
26.40	2.00
26.50	1.83
26.60	2.50
26.70	2.66
26.80	1.83
26.90	0.83
27.00	0.99
27.10	2.33
27.20	3.00
27.30	2.17
27.40	0.83
27.50	1.17
27.60	2.17
27.70	1.50
27.80	1.83
27.90	3.67
28.00	3.17
28.10	2.01
28.20	1.17
28.30	1.00
28.40	1.67
28.50	1.84
28.60	2.50
28.70	2.33
28.80	1.83
28.90	1.50
29.00	1.33
29.10	2.50
29.20	2.67
29.30	2.50
29.40	2.16
29.50	2.17
29.60	2.51
29.70	2.00
29.80	2.17
29.90	2.50
30.00	2.83
30.10	2.83
30.20	1.83
30.30	1.33
30.40	2.67
30.50	3.17
30.60	2.83
30.70	2.50
30.80	1.83
30.90	1.16
31.00	0.33
31.10	0.00
31.20	1.33
31.30	3.33
31.40	3.32
31.50	2.83
31.60	3.00
31.70	3.16
31.80	2.65
31.90	1.50
32.00	2.99
32.10	4.65
32.20	3.33
32.30	2.67
32.40	4.33
32.50	4.16
32.60	3.49
32.70	3.50
32.80	2.83
32.90	2.83
33.00	2.49
33.10	3.15
33.20	3.83
33.30	3.50
33.40	4.82
33.50	4.32
33.60	2.67
33.70	4.34
33.80	4.17
33.90	3.33
34.00	4.33
34.10	4.00
34.20	3.99
34.30	4.82
34.40	3.99
34.50	3.83
34.60	4.66
34.70	3.66
34.80	3.82
34.90	4.99
35.00	0.00
