179.08	1205.64
179.29	1205.64
179.50	1205.64
179.72	1207.48
179.93	1209.53
180.15	2507.74
180.36	2090.57
180.58	3479.70
180.79	3324.06
181.00	1982.23
181.22	2017.04
181.43	3353.14
181.65	3611.39
181.86	2216.52
182.08	1823.92
182.29	3622.04
182.50	3184.80
182.72	1880.24
182.93	2355.37
183.15	3308.49
183.36	3597.67
183.57	1827.61
183.79	2171.67
184.00	3218.59
184.22	3396.76
184.43	2009.26
184.65	2181.29
184.86	3215.11
185.07	3236.20
185.29	1771.90
185.50	1970.15
185.72	3424.82
185.93	3407.21
186.14	1999.43
186.36	1953.15
186.57	3035.91
186.79	3930.67
187.00	2058.41
187.21	2191.33
187.43	3567.77
187.64	3288.42
187.86	1968.30
188.07	2386.29
188.28	3083.22
188.50	3683.68
188.71	2273.45
188.93	1972.60
189.14	2966.28
189.35	2853.43
189.57	2010.08
189.78	1986.73
190.00	3088.54
190.21	3333.07
190.42	1885.56
190.64	1830.27
190.85	3316.48
191.07	3512.27
191.28	1909.12
191.49	2161.84
191.71	3256.48
191.92	3353.75
192.14	1848.50
192.35	2263.82
192.56	3262.41
192.78	3442.64
192.99	1944.96
193.20	2309.08
193.42	3417.24
193.63	3458.61
193.85	2240.89
194.06	1924.07
194.27	2926.96
194.49	3666.07
194.70	2153.44
194.91	1962.16
195.13	3088.13
195.34	3116.60
195.56	2005.78
195.77	2110.02
195.98	3440.18
196.20	3303.58
196.41	2027.28
196.62	2143.40
196.84	2901.97
197.05	3323.24
197.27	1907.27
197.48	2073.98
197.69	2835.21
197.91	3025.87
198.12	1970.15
198.33	1705.14
198.55	3894.62
198.76	3523.33
198.97	1884.34
199.19	1990.42
199.40	2990.03
199.61	3473.76
199.83	1947.00
200.04	1856.89
200.26	3099.19
200.47	3621.01
200.68	1962.57
200.90	1911.37
201.11	3441.82
201.32	3562.44
201.54	1751.83
201.75	2051.04
201.96	2867.57
202.18	2925.11
202.39	2200.75
202.60	1959.70
202.82	2701.48
203.03	3203.84
203.24	2116.78
203.46	2249.08
203.67	3157.97
203.88	3502.03
204.10	1996.16
204.31	1875.94
204.52	3425.84
204.74	3437.52
204.95	2050.22
205.16	2113.30
205.38	3428.50
205.59	3670.57
205.80	1960.73
206.02	1851.98
206.23	3830.93
206.44	3149.37
206.66	2032.61
206.87	1942.91
207.08	3098.78
207.30	3758.84
207.51	2161.84
207.72	2255.02
207.94	3296.62
208.15	3499.98
208.36	2091.59
208.58	2056.78
208.79	3286.17
209.00	3529.88
209.22	2020.32
209.43	2027.90
209.64	3179.88
209.86	3071.54
210.07	2090.77
210.28	1851.98
210.50	3188.28
210.71	3680.61
210.92	2014.59
211.13	1968.51
211.35	2767.83
211.56	3322.01
211.77	2129.48
211.99	1921.61
212.20	3015.63
212.41	3011.33
212.63	1873.28
212.84	2059.03
213.05	3740.21
213.27	3501.62
213.48	1885.97
213.69	2047.35
213.90	2392.64
214.12	3285.56
214.33	1885.16
214.54	2140.74
214.76	2899.10
214.97	3507.15
215.18	1852.59
215.40	2591.50
215.61	3401.68
215.82	3401.27
216.03	1850.54
216.25	2021.75
216.46	2833.98
216.67	3644.16
216.89	1880.04
217.10	1863.86
217.31	2776.02
217.52	3223.09
217.74	1972.81
217.95	2032.40
218.16	2918.15
218.38	3613.03
218.59	1853.00
218.80	1980.39
219.01	3142.40
219.23	3608.73
219.44	1855.05
219.65	1977.93
219.87	2575.53
220.08	3371.78
220.29	1897.24
220.50	2103.47
220.72	3440.38
220.93	3204.66
221.14	1957.45
221.35	2088.93
221.57	2931.05
221.78	3669.76
221.99	1943.93
222.21	1831.91
222.42	3049.43
222.63	3521.28
222.84	1920.38
223.06	2151.60
223.27	3249.31
223.48	4121.74
223.69	1835.18
223.91	2079.71
224.12	3111.48
224.33	3598.28
224.54	2187.85
224.76	1999.02
224.97	3173.74
225.18	3330.20
225.39	2059.85
225.61	2026.26
225.82	3206.71
226.03	3688.60
226.24	1851.57
226.46	2269.15
226.67	2505.08
226.88	3316.69
227.09	2140.33
227.31	2093.02
227.52	3245.42
227.73	3487.28
227.94	2004.76
228.16	2055.75
228.37	3034.48
228.58	3592.14
228.79	2057.59
229.01	2046.33
229.22	3100.42
229.43	3354.16
229.64	2237.20
229.86	2058.62
230.07	3273.68
230.28	3804.10
230.49	2158.97
230.71	1975.68
230.92	3263.03
231.13	3798.57
231.34	1986.32
231.55	2077.25
231.77	2797.93
231.98	3578.83
232.19	1882.70
232.40	1954.79
232.62	2776.43
232.83	3124.18
233.04	2137.87
233.25	2136.85
233.46	2891.53
233.68	3501.00
233.89	2281.23
234.10	2167.77
234.31	3095.71
234.53	3744.71
234.74	1934.10
234.95	2078.48
235.16	3011.13
235.37	3507.15
235.59	1734.02
235.80	2160.20
236.01	2792.41
236.22	3346.79
236.44	2051.66
236.65	1856.07
236.86	2845.04
237.07	3431.99
237.28	1959.29
237.50	2000.66
237.71	2656.22
237.92	4415.63
238.13	1855.66
238.34	2121.70
238.56	2606.86
238.77	3639.04
238.98	1892.53
239.19	1956.83
239.40	3119.47
239.62	3960.77
239.83	2156.72
240.04	2098.96
240.25	3051.68
240.46	3251.15
240.68	1878.40
240.89	1879.83
241.10	3299.69
241.31	3307.06
241.52	1787.47
241.73	1816.75
241.95	3221.25
242.16	3740.61
242.37	1889.46
242.58	2049.61
242.79	3112.30
243.01	3261.39
243.22	2124.77
243.43	1741.18
243.64	3098.58
243.85	3513.90
244.06	1931.64
244.28	1925.71
244.49	3313.82
244.70	3799.39
244.91	2034.25
245.12	2012.54
245.34	3080.55
245.55	3308.90
245.76	1867.13
245.97	1887.41
246.18	3161.65
246.39	3227.80
246.61	2030.56
246.82	2034.66
247.03	3074.21
247.24	3195.04
247.45	1924.27
247.66	2000.46
247.88	2649.66
248.09	3345.36
248.30	1850.95
248.51	1809.18
248.72	3129.71
248.93	3249.92
249.15	1897.03
249.36	2328.95
249.57	3320.58
249.78	3453.90
249.99	2021.75
250.20	1908.71
250.41	3050.86
250.63	3325.29
250.84	1746.51
251.05	1995.54
251.26	2969.15
251.47	3098.37
251.68	2145.45
251.89	2207.92
252.11	2502.41
252.32	3148.34
252.53	1868.77
252.74	2030.36
252.95	3351.71
253.16	2749.60
253.37	1904.41
253.59	2024.62
253.80	3290.47
254.01	3343.72
254.22	1893.96
254.43	2308.27
254.64	3065.60
254.85	3437.52
255.07	1898.88
255.28	1893.76
255.49	2847.70
255.70	3540.12
255.91	1855.25
256.12	1866.93
256.33	3232.31
256.54	3610.77
256.76	1870.82
256.97	1903.18
257.18	2909.75
257.39	3294.77
257.60	2193.37
257.81	1968.92
258.02	3279.00
258.23	3530.29
258.45	2212.22
258.66	1924.27
258.87	3699.66
259.08	3602.17
259.29	1944.75
259.50	2016.23
259.71	3408.23
259.92	3730.78
260.13	1856.48
260.35	1999.02
260.56	3028.74
260.77	3619.78
260.98	1923.86
261.19	1977.52
261.40	2930.64
261.61	2707.62
261.82	1856.07
262.03	1966.05
262.25	3196.67
262.46	3571.86
262.67	2115.55
262.88	2051.86
263.09	3265.49
263.30	2907.71
263.51	1768.83
263.72	2118.01
263.93	3453.28
264.14	3745.94
264.36	1900.52
264.57	2137.26
264.78	3589.27
264.99	3398.81
265.20	1909.94
265.41	2205.46
265.62	2852.82
265.83	3648.66
266.04	2119.44
266.25	1954.38
266.46	3481.55
266.67	3309.72
266.89	1729.30
267.10	1865.70
267.31	3283.30
267.52	3215.93
267.73	2001.28
267.94	2043.46
268.15	3046.15
268.36	3547.29
268.57	1804.67
268.78	1930.21
268.99	2867.36
269.20	2884.15
269.41	1918.33
269.63	1848.91
269.84	2883.95
270.05	3578.01
270.26	1980.18
270.47	1974.45
270.68	3269.38
270.89	3634.33
271.10	1909.53
271.31	1952.33
271.52	2918.77
271.73	3250.74
271.94	1958.88
272.15	1983.46
272.36	2885.79
272.57	3629.21
272.78	2105.93
273.00	1914.44
273.21	2922.04
273.42	3445.09
273.63	1926.73
273.84	2006.60
274.05	2960.95
274.26	3285.97
274.47	2142.38
274.68	2339.60
274.89	3161.24
275.10	3194.42
275.31	2240.07
275.52	2214.88
275.73	3093.46
275.94	3269.58
276.15	2232.70
276.36	2055.55
276.57	2915.69
276.78	2984.50
276.99	2077.25
277.20	2069.27
277.41	3123.97
277.63	3091.00
277.84	2075.21
278.05	1982.23
278.26	2920.61
278.47	3026.08
278.68	2238.63
278.89	1907.07
279.10	3044.92
279.31	3121.72
279.52	2092.00
279.73	2113.09
279.94	3090.59
280.15	3544.42
280.36	2136.44
280.57	2254.81
280.78	3152.23
280.99	3138.51
281.20	2261.57
281.41	2035.48
281.62	2911.80
281.83	3160.83
282.04	2019.09
282.25	2235.97
282.46	3143.22
282.67	2727.69
282.88	2064.97
283.09	2040.80
283.30	3231.90
283.51	3252.58
283.72	2261.78
283.93	2209.35
284.14	3178.65
284.35	3029.76
284.56	2012.95
284.77	2102.04
284.98	2818.00
285.19	3320.78
285.40	2197.68
285.61	2171.46
285.82	3024.65
286.03	3226.37
286.24	1987.35
286.45	2019.09
286.66	2810.22
286.87	3319.76
287.08	2179.45
287.29	2003.94
287.50	3308.29
287.71	3238.04
287.92	2046.33
288.13	2114.32
288.34	2853.23
288.55	3102.47
288.76	1990.42
288.97	2205.46
289.18	2958.50
289.39	3074.62
289.60	1926.73
289.81	2210.37
290.02	3027.31
290.23	3010.51
290.44	2148.11
290.65	2126.41
290.86	2742.64
291.07	3187.25
291.28	2319.32
291.49	2020.94
291.70	2994.34
291.91	2646.59
292.12	2061.89
292.33	1967.07
292.54	3427.07
292.75	3276.55
292.96	2213.65
293.17	2223.07
293.38	3128.07
293.58	3300.10
293.79	1938.20
294.00	2254.40
294.21	2802.85
294.42	3489.74
294.63	2055.34
294.84	2078.07
295.05	3124.59
295.26	3469.67
295.47	1938.81
295.68	1959.91
295.89	2951.33
296.10	3325.70
296.31	2064.56
296.52	2283.69
296.73	2849.54
296.94	3148.75
297.15	2125.38
297.36	2309.49
297.57	2697.99
297.78	3138.72
297.98	2147.70
298.19	2468.83
298.40	3132.78
298.61	2977.75
298.82	2119.65
299.03	2436.06
299.24	3132.98
299.45	3593.98
299.66	1958.47
299.87	2042.23
300.08	2888.66
300.29	3100.62
300.50	2015.61
300.71	2311.95
300.92	3103.08
301.13	2974.27
301.33	2067.01
301.54	2239.25
301.75	2801.83
301.96	3193.40
302.17	2057.80
302.38	1995.34
302.59	3056.80
302.80	3317.09
303.01	2403.91
303.22	2388.34
303.43	3036.32
303.64	3210.81
303.85	2150.37
304.05	2146.07
304.26	3078.30
304.47	3049.84
304.68	2056.98
304.89	2171.05
305.10	2751.65
305.31	3062.12
305.52	2093.43
305.73	2047.35
305.94	2770.08
306.15	3144.86
306.35	2092.61
306.56	1978.75
306.77	2932.49
306.98	3019.12
307.19	2092.20
307.40	2169.21
307.61	3094.69
307.82	3164.32
308.03	2200.34
308.24	2354.14
308.45	3216.33
308.65	3411.10
308.86	2101.83
309.07	2232.29
309.28	2935.15
309.49	2869.61
309.70	2150.16
309.91	1985.51
310.12	2899.10
310.33	3038.37
310.53	1962.77
310.74	2085.65
310.95	3319.55
311.16	3184.80
311.37	1969.53
311.58	2310.31
311.79	3140.15
312.00	3025.87
312.20	2064.76
312.41	1993.29
312.62	3097.55
312.83	3314.64
313.04	2052.06
313.25	2393.26
313.46	2862.04
313.67	3290.88
313.87	2125.18
314.08	2222.46
314.29	2986.96
314.50	3303.37
314.71	2121.49
314.92	2033.84
315.13	3294.16
315.34	3193.81
315.54	2084.01
315.75	1957.45
315.96	2828.45
316.17	3038.98
316.38	1892.32
316.59	1993.70
316.80	3118.03
317.00	3269.38
317.21	2299.46
317.42	2098.55
317.63	2767.42
317.84	3009.08
318.05	2337.55
318.26	2097.94
318.46	3361.33
318.67	2597.44
318.88	2134.19
319.09	2184.77
319.30	2751.86
319.51	3114.76
319.71	2072.34
319.92	2056.57
320.13	3049.84
320.34	2733.83
320.55	2126.61
320.76	2145.04
320.97	3017.68
321.17	3196.06
321.38	2051.66
321.59	2126.82
321.80	3203.43
322.01	2969.55
322.22	2214.06
322.42	1997.18
322.63	2631.03
322.84	3470.49
323.05	2282.67
323.26	2263.42
323.47	2469.85
323.67	3072.57
323.88	1980.59
324.09	2187.23
324.30	3063.35
324.51	3156.74
324.71	1966.46
324.92	2026.06
325.13	3088.75
325.34	3069.91
325.55	1970.15
325.76	2172.08
325.96	3172.71
326.17	3341.88
326.38	1886.18
326.59	2196.86
326.80	3129.91
327.00	3016.25
327.21	1968.71
327.42	2371.96
327.63	2900.54
327.84	3060.69
328.04	2235.97
328.25	2049.40
328.46	2985.12
328.67	3093.25
328.88	2149.55
329.08	2038.96
329.29	2726.26
329.50	3058.64
329.71	2175.97
329.92	2042.64
330.12	2774.18
330.33	3102.67
330.54	2062.30
330.75	2531.49
330.96	3045.74
331.16	3089.77
331.37	1891.91
331.58	2240.48
331.79	2937.61
332.00	3040.41
332.20	1830.27
332.41	2161.84
332.62	3022.80
332.83	2897.67
333.03	2024.01
333.24	2582.90
333.45	3283.30
333.66	2889.68
333.87	2161.43
334.07	2011.31
334.28	2886.82
334.49	3365.84
334.70	2185.18
334.90	1915.26
335.11	3183.36
335.32	2943.34
335.53	2048.79
335.74	2224.50
335.94	3274.70
336.15	3342.90
336.36	2302.53
336.57	2243.75
336.77	2897.06
336.98	2590.07
337.19	2216.52
337.40	2039.98
337.60	2920.20
337.81	3088.75
338.02	1952.53
338.23	1909.73
338.43	2837.46
338.64	3068.06
338.85	2306.83
339.06	2179.65
339.26	3203.43
339.47	3208.76
339.68	2357.62
339.89	2703.73
340.09	3686.96
340.30	3657.26
340.51	2951.74
340.72	3037.14
340.92	4221.48
341.13	4400.27
341.34	3570.63
341.55	3723.21
341.75	4889.53
341.96	5020.19
342.17	4255.06
342.38	4598.92
342.58	5836.51
342.79	6047.45
343.00	5160.27
343.20	5191.60
343.41	5964.30
343.62	6588.93
343.83	5793.50
344.03	5676.35
344.24	6224.39
344.45	7067.13
344.66	5734.31
344.86	6053.59
345.07	6767.31
345.28	7028.22
345.48	6168.07
345.69	6004.23
345.90	6834.07
346.11	7122.22
346.31	6257.98
346.52	6129.98
346.73	6948.96
346.93	7003.23
347.14	6026.35
347.35	5978.64
347.56	7297.32
347.76	7319.85
347.97	6226.44
348.18	6280.92
348.38	7240.39
348.59	7512.97
348.80	6289.93
349.01	6266.99
349.21	7107.27
349.42	7072.66
349.63	6438.81
349.83	6453.76
350.04	7449.69
350.25	7571.95
350.45	6371.44
350.66	6231.15
350.87	7212.54
351.08	7387.02
351.28	6418.95
351.49	6297.71
351.70	7255.54
351.90	7922.57
352.11	6343.79
352.32	6812.98
352.52	7432.08
352.73	7548.40
352.94	6531.18
353.14	6496.16
353.35	6808.47
353.56	7699.75
353.76	6488.37
353.97	6590.16
354.18	7667.19
354.39	7594.89
354.59	6515.00
354.80	6409.53
355.01	7374.94
355.21	7809.11
355.42	6401.13
355.63	6631.73
355.83	7209.26
356.04	7449.28
356.25	6776.73
356.45	6834.07
356.66	7295.89
356.87	7447.85
357.07	6491.24
357.28	6464.00
357.49	7311.66
357.69	7065.29
357.90	6263.92
358.11	6301.40
358.31	7882.63
358.52	7559.05
358.72	6596.92
358.93	6369.18
359.14	7758.12
359.34	7712.04
359.55	6468.51
359.76	6461.34
359.96	7087.20
360.17	6939.95
360.38	6444.14
360.58	6137.15
360.79	7361.83
361.00	7215.20
361.20	5711.78
361.41	5665.50
361.62	6230.94
361.82	6500.66
362.03	5095.35
362.23	4935.81
362.44	5671.03
362.65	5791.04
362.85	4451.46
363.06	4312.82
363.27	4708.89
363.47	4873.76
363.68	3588.45
363.89	3233.33
364.09	4057.23
364.30	4101.47
364.50	2666.86
364.71	2702.29
364.92	3077.89
365.12	3432.19
365.33	2261.37
365.54	2261.16
365.74	3118.44
365.95	3140.76
366.15	2220.61
366.36	2308.47
366.57	3401.06
366.77	3272.86
366.98	2070.91
367.18	2156.92
367.39	3063.97
367.60	3286.38
367.80	1942.70
368.01	2174.94
368.22	2913.65
368.42	3397.17
368.63	2100.40
368.83	2160.81
369.04	2712.53
369.25	3480.52
369.45	2073.77
369.66	2330.79
369.86	3020.75
370.07	3014.81
370.28	1901.13
370.48	2354.14
370.69	2804.28
370.89	2953.38
371.10	1936.76
371.31	2222.25
371.51	2966.07
371.72	4896.28
371.92	2209.35
372.13	2246.62
372.33	3238.04
372.54	3082.60
372.75	2024.62
372.95	2152.82
373.16	2842.38
373.36	2877.60
373.57	2081.35
373.78	2246.83
373.98	3318.53
374.19	3144.04
374.39	2026.47
374.60	2027.28
374.80	3268.56
375.01	3038.98
375.22	1948.85
375.42	2179.65
375.63	2901.97
375.83	3300.10
376.04	2220.61
376.24	1887.00
376.45	2920.20
376.66	2808.58
376.86	1979.16
377.07	2059.03
377.27	2692.26
377.48	3206.30
377.68	2133.37
377.89	2001.28
378.09	2907.91
378.30	3076.87
378.51	1980.39
378.71	2137.87
378.92	2671.37
379.12	3100.42
379.33	1960.93
379.53	2402.27
379.74	3086.70
379.94	2929.62
380.15	2114.32
380.36	2119.44
380.56	3071.95
380.77	2959.93
380.97	2025.44
381.18	2270.58
381.38	2877.81
381.59	2887.23
381.79	2009.67
382.00	2185.39
382.20	2835.62
382.41	3079.12
382.61	2175.35
382.82	2046.74
383.03	2659.90
383.23	3366.04
383.44	1972.60
383.64	2004.35
383.85	3002.73
384.05	3001.30
384.26	1959.50
384.46	2140.54
384.67	3001.50
384.87	2886.61
385.08	1916.28
385.28	2085.86
385.49	3019.93
385.69	2868.79
385.90	2620.79
386.10	1922.63
386.31	2931.26
386.51	3244.80
386.72	1957.86
386.92	2163.06
387.13	2905.66
387.33	3171.48
387.54	2248.67
387.74	1905.02
387.95	3006.42
388.15	2885.79
388.36	2260.34
388.56	1937.99
388.77	2715.40
388.97	3145.48
389.18	2205.66
389.38	2116.78
389.59	3123.56
389.79	3147.11
390.00	2088.72
390.20	2614.85
390.41	2845.86
390.61	2972.83
390.82	1961.13
391.02	2048.17
391.23	3009.08
391.43	3354.78
391.64	2074.39
391.84	1978.75
392.05	2762.30
392.25	3116.19
392.46	2057.59
392.66	1936.97
392.87	2976.93
393.07	3082.81
393.28	1953.35
393.48	2071.11
393.69	3340.85
393.89	3040.00
394.10	2252.15
394.30	2022.37
394.51	2945.18
394.71	3031.20
394.92	1980.59
395.12	2152.62
395.32	4178.68
395.53	2899.72
395.73	2120.88
395.94	2017.25
396.14	3018.50
396.35	3179.47
396.55	2278.57
396.76	2002.71
396.96	3202.00
397.17	2924.50
397.37	2190.10
397.58	2256.86
397.78	2760.46
397.98	3124.59
398.19	2039.78
398.39	2286.35
398.60	2483.57
398.80	2965.66
399.01	2434.63
399.21	2153.23
399.42	3062.33
399.62	3040.62
399.83	2108.18
400.03	1914.85
400.23	2633.69
400.44	3155.10
400.64	2085.45
400.85	2196.86
401.05	2960.54
401.26	2737.72
401.46	2197.27
401.66	2325.47
401.87	3027.31
402.07	2632.46
402.28	2029.95
402.48	2216.52
402.69	3125.81
402.89	3043.08
403.09	2111.25
403.30	1923.86
403.50	3170.05
403.71	2859.78
403.91	2109.41
404.12	2543.58
404.32	2653.55
404.52	2764.76
404.73	2269.15
404.93	1972.60
405.14	2233.11
405.34	3234.56
405.54	2040.80
405.75	2206.07
405.95	3262.21
406.16	3082.40
406.36	2217.95
406.57	2078.48
406.77	3033.25
406.97	3076.66
407.18	2099.58
407.38	1963.18
407.59	3057.21
407.79	2975.70
407.99	2114.32
408.20	2132.75
408.40	3182.75
408.61	2570.61
408.81	2112.48
409.01	2057.59
409.22	3349.86
409.42	3147.73
409.63	2098.55
409.83	2079.51
410.03	2666.25
410.24	3164.11
410.44	2123.33
410.64	2337.76
410.85	2884.56
411.05	3138.51
411.26	2149.14
411.46	2030.56
411.66	3192.17
411.87	3132.57
412.07	2011.92
412.28	2170.23
412.48	3190.12
412.68	2753.08
412.89	2098.76
413.09	2243.96
413.29	3124.38
413.50	3407.41
413.70	2021.35
413.91	2218.77
414.11	2990.24
414.31	3047.38
414.52	2004.55
414.72	2000.05
414.92	3167.59
415.13	3138.10
415.33	1993.49
415.53	2095.89
415.74	3273.88
415.94	3130.12
416.14	2084.63
416.35	1894.58
416.55	3087.11
416.76	3084.24
416.96	2129.07
417.16	2079.71
417.37	2980.41
417.57	3053.52
417.77	1886.79
417.98	2168.39
418.18	2865.31
418.38	3184.59
418.59	2011.51
418.79	2009.88
418.99	2748.37
419.20	3230.06
419.40	2069.27
419.60	2237.20
419.81	2959.93
420.01	3050.04
420.21	2317.07
420.42	2233.11
420.62	2886.20
420.82	2954.19
421.03	1973.63
421.23	2170.23
421.43	2705.37
421.64	3000.89
421.84	1888.02
422.04	2047.97
422.25	2923.48
422.45	2835.41
422.65	1926.52
422.86	2255.43
423.06	2511.83
423.26	2948.87
423.47	2016.84
423.67	2167.16
423.87	2908.93
424.08	2688.37
424.28	2036.91
424.48	2182.52
424.68	2983.28
424.89	3037.75
425.09	2163.47
425.29	2212.22
425.50	2814.73
425.70	2856.10
425.90	2213.24
426.11	2090.16
426.31	3248.69
426.51	3117.83
426.71	2200.75
426.92	2161.63
427.12	3139.95
427.32	2980.41
427.53	2142.99
427.73	2344.51
427.93	3210.19
428.14	3313.00
428.34	2012.74
428.54	2230.24
428.74	2990.85
428.95	3281.67
429.15	1986.12
429.35	2093.84
429.56	2601.74
429.76	2894.60
429.96	2160.40
430.16	2096.92
430.37	3005.19
430.57	3062.12
430.77	2183.34
430.97	2156.72
431.18	2894.19
431.38	3154.28
431.58	2344.31
431.79	2076.44
431.99	3058.64
432.19	3191.35
432.39	2622.22
432.60	2269.76
432.80	3068.06
433.00	3426.87
433.20	2092.82
433.41	2164.70
433.61	3145.88
433.81	2951.74
434.01	2187.85
434.22	2182.32
434.42	3452.06
434.62	2992.70
434.82	2206.48
435.03	2059.44
435.23	3071.75
435.43	3432.60
435.63	2058.62
435.84	2122.51
436.04	2976.31
436.24	3359.69
436.44	2239.25
436.65	2346.36
436.85	3023.01
437.05	2930.44
437.25	2065.99
437.46	2015.41
437.66	3038.16
437.86	3244.80
438.06	2219.59
438.27	2203.82
438.47	3098.99
438.67	3102.67
438.87	2117.39
439.08	2247.24
439.28	3031.40
439.48	3280.23
439.68	2316.25
439.88	2348.41
440.09	3238.25
440.29	3053.52
440.49	2004.35
440.69	2380.15
440.90	3116.39
441.10	3145.68
441.30	2180.68
441.50	2201.77
441.70	3177.42
441.91	3207.73
442.11	2445.27
442.31	2310.93
442.51	2714.79
442.71	3276.55
442.92	2402.88
443.12	2272.22
443.32	3361.33
443.52	3352.12
443.73	2351.68
443.93	2526.78
444.13	3225.35
444.33	3485.64
444.53	2407.18
444.74	2395.10
444.94	3050.04
445.14	3487.49
445.34	2443.23
445.54	2487.05
445.74	3061.71
445.95	3726.89
446.15	2509.79
446.35	2580.44
446.55	3549.13
446.75	3496.91
446.96	2379.33
447.16	2279.39
447.36	2983.89
447.56	3571.66
447.76	2362.54
447.97	2295.57
448.17	3280.85
448.37	3289.24
448.57	2622.42
448.77	2832.96
448.97	3309.93
449.18	3462.91
449.38	2345.74
449.58	2486.03
449.78	3132.98
449.98	3407.82
450.18	2336.73
450.39	2445.07
450.59	3243.98
450.79	3195.24
450.99	2794.66
451.19	2230.65
451.39	3353.96
451.60	3359.28
451.80	2285.94
452.00	2533.34
452.20	3230.06
452.40	3376.28
452.60	2379.53
452.80	2415.99
453.01	3186.23
453.21	3369.52
453.41	2368.07
453.61	2355.37
453.81	2780.53
454.01	3295.80
454.22	2463.71
454.42	2303.56
454.62	3359.90
454.82	3383.65
455.02	2300.69
455.22	2292.70
455.42	2962.39
455.62	3369.32
455.83	2325.06
456.03	2588.84
456.23	3079.33
456.43	3132.78
456.63	2249.08
456.83	2265.26
457.03	3498.14
457.24	3190.74
457.44	2127.23
457.64	2348.20
457.84	3078.71
458.04	3467.21
458.24	2281.03
458.44	2302.94
458.64	2851.39
458.84	3258.52
459.05	2447.73
459.25	2349.43
459.45	2959.52
459.65	3260.37
459.85	2581.26
460.05	2436.26
460.25	3072.77
460.45	3094.28
460.65	2318.92
460.86	2229.83
461.06	3078.71
461.26	3133.39
461.46	2221.64
461.66	2265.46
461.86	3379.97
462.06	3517.80
462.26	2149.14
462.46	2312.77
462.66	3127.04
462.87	2864.90
463.07	2000.66
463.27	2189.28
463.47	3103.49
463.67	3186.23
463.87	2112.68
464.07	4138.33
464.27	2963.21
464.47	3190.12
464.67	2369.09
464.87	2234.33
465.08	3132.78
465.28	2934.74
465.48	2149.96
465.68	2239.04
465.88	3383.04
466.08	3203.64
466.28	2084.22
466.48	2184.36
466.68	3036.52
466.88	3228.83
467.08	2175.15
467.28	2221.43
467.48	3004.17
467.68	3117.42
467.89	2259.93
468.09	2203.00
468.29	2828.86
468.49	3337.37
468.69	2177.40
468.89	2174.33
469.09	2992.49
469.29	3215.93
469.49	1887.61
469.69	2228.19
469.89	3175.99
470.09	3191.55
470.29	2093.02
470.49	2713.76
470.69	3173.33
470.89	3168.62
471.09	2069.47
471.29	2255.02
471.49	3051.88
471.70	3528.24
471.90	2269.76
472.10	2169.62
472.30	2825.58
472.50	2840.12
472.70	2080.74
472.90	2421.93
473.10	3367.07
473.30	3137.90
473.50	2046.54
473.70	2080.12
473.90	3384.68
474.10	3255.25
474.30	1912.80
474.50	2035.48
474.70	3464.96
474.90	2952.76
475.10	2106.54
475.30	2095.28
475.50	2782.17
475.70	3132.37
475.90	2268.13
476.10	2256.04
476.30	2866.34
476.50	3140.36
476.70	2109.41
476.90	2249.90
477.10	2978.77
477.30	3082.81
477.50	2072.95
477.70	2253.18
477.90	3173.74
478.10	3367.07
478.30	2272.63
478.50	2117.19
478.70	2843.60
478.90	3255.45
479.10	2021.75
479.30	2184.16
479.50	3110.86
479.70	3430.76
479.90	2172.89
480.10	2310.72
480.30	3081.37
480.50	3231.08
480.70	2101.63
480.90	2220.61
481.10	2803.87
481.30	3114.76
481.50	2079.92
481.70	2285.94
481.90	3054.95
482.10	3243.98
482.30	2155.69
482.50	8703.46
482.70	2688.78
482.90	2918.56
483.10	2302.94
483.30	2180.06
483.50	3316.07
483.70	3322.62
483.90	2160.40
484.10	2114.94
484.30	3213.88
484.50	3092.84
484.70	2368.27
484.90	2214.06
485.10	3016.86
485.30	2738.95
485.50	2257.07
485.69	2240.27
485.89	3346.18
486.09	3326.72
486.29	2496.68
486.49	2234.95
486.69	3125.61
486.89	3319.14
487.09	2183.34
487.29	2261.78
487.49	2910.78
487.69	3303.78
487.89	2214.67
488.09	2205.46
488.29	2732.20
488.49	3113.12
488.69	2406.16
488.89	2352.50
489.09	3031.81
489.29	3133.80
489.48	2082.58
489.68	2023.60
489.88	3092.43
490.08	3471.51
490.28	2336.12
490.48	2229.83
490.68	3255.45
490.88	3460.04
491.08	2183.54
491.28	2596.21
491.48	3076.05
491.68	3086.70
491.88	2250.92
492.08	2212.63
492.27	3352.93
492.47	3330.00
492.67	2305.19
492.87	2301.51
493.07	3382.22
493.27	3268.35
493.47	2274.06
493.67	2326.70
493.87	3496.09
494.07	3267.94
494.27	2171.05
494.46	2389.37
494.66	3291.70
494.86	3203.84
495.06	2143.61
495.26	2159.58
495.46	2945.18
495.66	2788.31
495.86	2118.83
496.06	2481.93
496.26	2895.62
496.45	3227.19
496.65	2168.59
496.85	2094.46
497.05	3105.34
497.25	3408.84
497.45	2166.34
497.65	2154.67
497.85	3279.41
498.05	3104.31
498.24	2455.92
498.44	2104.49
498.64	2829.68
498.84	3379.76
499.04	2060.87
499.24	2565.70
499.44	3225.14
499.64	3290.27
499.83	2206.28
500.03	2323.83
500.23	3361.74
500.43	3607.70
500.63	2098.14
500.83	2403.29
501.03	3221.25
501.22	3241.73
501.42	2469.44
501.62	2251.33
501.82	2931.46
502.02	3173.53
502.22	2364.58
502.42	2376.26
502.62	2794.86
502.81	3059.67
503.01	2172.69
503.21	2316.87
503.41	3448.16
503.61	3441.41
503.81	2260.96
504.00	2399.60
504.20	3094.69
504.40	3281.05
504.60	2573.48
504.80	2520.84
505.00	3378.33
505.20	3356.42
505.39	2147.09
505.59	2521.05
505.79	3168.00
505.99	3498.14
506.19	2538.66
506.39	2418.04
506.58	3303.99
506.78	3273.47
506.98	2581.46
507.18	2540.71
507.38	3165.55
507.57	3128.27
507.77	2061.08
507.97	2351.27
508.17	3317.91
508.37	3209.99
508.57	2189.28
508.76	2436.06
508.96	3027.31
509.16	3564.90
509.36	2193.58
509.56	2356.80
509.75	3363.38
509.95	2767.01
510.15	2288.81
510.35	2414.56
510.55	3045.94
510.75	3157.56
510.94	2408.41
511.14	2327.93
511.34	3207.73
511.54	2806.54
511.74	2262.80
511.93	2725.64
512.13	3493.83
512.33	3272.24
512.53	2143.61
512.72	2304.58
512.92	3271.83
513.12	3481.55
513.32	2622.63
513.52	2183.13
513.71	3213.06
513.91	3395.74
514.11	2634.51
514.31	2349.63
514.51	3247.05
514.70	3385.50
514.90	2700.25
515.10	2401.86
515.30	2991.88
515.49	3428.09
515.69	2425.82
515.89	2511.83
516.09	3264.26
516.29	3621.63
516.48	2760.46
516.68	2477.84
516.88	3323.65
517.08	3477.86
517.27	2310.11
517.47	2409.03
517.67	3398.19
517.87	3376.08
518.06	2440.77
518.26	2391.21
518.46	3032.22
518.66	3485.85
518.85	2506.10
519.05	2416.81
519.25	3456.56
519.45	3004.17
519.64	2376.05
519.84	2556.89
520.04	3162.88
520.24	3399.22
520.43	2457.15
520.63	2482.14
520.83	2900.33
521.03	3315.87
521.22	2523.71
521.42	2378.10
521.62	3343.51
521.82	3459.63
522.01	2416.40
522.21	2580.03
522.41	3071.34
522.61	3384.06
522.80	2360.69
523.00	2551.97
523.20	3248.90
523.39	3602.99
523.59	2528.63
523.79	2429.91
523.99	3188.48
524.18	3553.84
524.38	2471.08
524.58	2597.64
524.77	3337.17
524.97	3175.17
525.17	2380.97
525.37	2536.82
525.56	3621.01
525.76	3463.52
525.96	2528.63
526.15	2349.84
526.35	3339.21
526.55	3466.60
526.75	2464.53
526.94	2642.08
527.14	2968.33
527.34	3554.86
527.53	2577.16
527.73	2405.95
527.93	3298.87
528.12	3294.77
528.32	2370.93
528.52	2588.63
528.72	3418.26
528.91	3456.77
529.11	2554.43
529.31	2503.44
529.50	3709.08
529.70	3209.17
529.90	2492.38
530.09	2354.55
530.29	3524.14
530.49	3359.28
530.68	2425.20
530.88	2757.18
531.08	3567.36
531.27	3361.74
531.47	2485.41
531.67	2492.58
531.86	3494.24
532.06	3193.60
532.26	2438.93
532.45	2968.94
532.65	3001.50
532.85	3011.13
533.04	2395.92
533.24	2545.42
533.44	3241.52
533.63	3363.17
533.83	2542.96
534.03	2916.72
534.22	3307.88
534.42	3314.84
534.62	2537.64
534.81	2484.39
535.01	2937.61
535.21	3645.59
535.40	2396.53
535.60	2982.66
535.80	3010.72
535.99	3494.65
536.19	2583.10
536.38	2481.93
536.58	3472.33
536.78	3390.62
536.97	2588.02
537.17	2655.81
537.37	3255.04
537.56	3480.32
537.76	2419.88
537.96	2451.62
538.15	3665.45
538.35	3749.01
538.54	2422.34
538.74	2638.60
538.94	3485.85
539.13	3442.23
539.33	2580.03
539.53	2490.53
539.72	3222.68
539.92	3535.82
540.11	2368.89
540.31	2533.54
540.51	3411.30
540.70	3651.73
540.90	2500.77
541.10	2425.82
541.29	3629.82
541.49	3322.42
541.68	2518.39
541.88	2634.30
542.08	3635.96
542.27	3402.09
542.47	2417.63
542.66	2509.58
542.86	3119.06
543.06	3661.56
543.25	2635.12
543.45	2972.01
543.64	3501.41
543.84	3470.69
544.04	2363.56
544.23	2759.23
544.43	3605.45
544.62	3677.54
544.82	2343.90
545.01	2558.94
545.21	3655.01
545.41	3442.64
545.60	2396.74
545.80	2634.92
545.99	3562.44
546.19	3618.56
546.39	2799.98
546.58	2559.76
546.78	3441.20
546.97	3477.86
547.17	2542.14
547.36	2593.14
547.56	3567.97
547.76	3557.73
547.95	2584.54
548.15	2556.27
548.34	3341.67
548.54	3481.96
548.73	2523.71
548.93	2602.35
549.12	3565.72
549.32	3122.74
549.52	2828.86
549.71	2527.40
549.91	3464.34
550.10	3289.04
550.30	2619.56
550.49	2364.38
550.69	3291.70
550.88	3488.31
551.08	2536.20
551.28	2572.66
551.47	3783.42
551.67	3312.59
551.86	2461.45
552.06	2827.02
552.25	3300.30
552.45	3725.26
552.64	2704.55
552.84	2897.47
553.03	3389.80
553.23	3878.24
553.42	2380.56
553.62	2655.60
553.81	3546.26
554.01	3617.12
554.21	2514.50
554.40	2477.43
554.60	3406.59
554.79	3261.39
554.99	2662.77
555.18	2717.86
555.38	3305.22
555.57	7101.95
555.77	2608.70
555.96	2676.29
556.16	3598.69
556.35	3664.64
556.55	2327.11
556.74	2485.41
556.94	3332.05
557.13	3580.05
557.33	2682.22
557.52	2559.76
557.72	3579.85
557.91	3734.68
558.11	2843.60
558.30	2647.20
558.50	3408.23
558.69	3589.27
558.89	2576.14
559.08	2416.40
559.28	3165.75
559.47	3633.30
559.67	2453.47
559.86	2711.10
560.06	3113.53
560.25	3524.14
560.45	2982.66
560.64	2647.00
560.84	3487.08
561.03	3647.43
561.23	2402.68
561.42	2240.89
561.62	3460.04
561.81	3660.13
562.00	2568.97
562.20	2960.95
562.39	3383.45
562.59	3503.46
562.78	2700.04
562.98	2537.43
563.17	3644.36
563.37	3314.64
563.56	2390.59
563.76	2447.94
563.95	3427.07
564.15	3472.13
564.34	2407.59
564.54	2644.95
564.73	3618.35
564.92	3787.92
565.12	2566.10
565.31	2641.47
565.51	3661.15
565.70	3680.61
565.90	2538.46
566.09	2824.56
566.29	3532.13
566.48	3817.00
566.67	2772.54
566.87	2554.23
567.06	3561.01
567.26	3301.94
567.45	2367.04
567.65	2426.43
567.84	3712.15
568.03	3787.10
568.23	2453.88
568.42	2886.00
568.62	3325.49
568.81	3609.95
569.01	2598.05
569.20	2333.25
569.39	3632.89
569.59	3702.52
569.78	2442.82
569.98	2558.94
570.17	3593.16
570.37	3396.35
570.56	2734.24
570.75	2496.88
570.95	3737.75
571.14	3707.64
571.34	2373.60
571.53	2264.85
571.72	3478.27
571.92	3578.01
572.11	2673.83
572.31	2891.73
572.50	3408.84
572.69	3025.05
572.89	2660.72
573.08	2599.49
573.28	3620.40
573.47	3702.11
573.66	2398.17
573.86	2452.44
574.05	2998.84
574.25	3684.91
574.44	2385.47
574.63	2588.43
574.83	3362.15
575.02	3480.52
575.22	2436.26
575.41	2559.35
575.60	3665.04
575.80	3540.94
575.99	2513.68
576.18	2384.25
576.38	3241.93
576.57	3864.11
576.77	2369.09
576.96	2362.33
577.15	3427.07
577.35	3841.58
577.54	2896.44
577.73	2400.63
577.93	3508.99
578.12	3616.10
578.31	2445.89
578.51	2418.65
578.70	2971.60
578.90	3925.34
579.09	2371.55
579.28	2678.74
579.48	3116.60
579.67	3728.33
579.86	2424.59
580.06	2453.47
580.25	3684.50
580.44	3870.46
580.64	2279.39
580.83	2310.72
581.02	3699.66
581.22	3605.24
581.41	2519.41
581.60	2414.35
581.80	3410.07
581.99	3760.48
582.18	2560.98
582.38	2730.56
582.57	2895.42
582.76	3864.72
582.96	2494.02
583.15	2521.05
583.34	3349.04
583.54	3328.56
583.73	2297.21
583.92	2379.53
584.12	3145.07
584.31	3508.99
584.50	2438.31
584.70	2894.39
584.89	3273.06
585.08	3720.95
585.28	2567.33
585.47	2410.25
585.66	3222.89
585.86	3422.57
586.05	2696.97
586.24	2493.20
586.43	3583.54
586.63	3584.97
586.82	2462.27
587.01	2498.11
587.21	3199.95
587.40	3869.64
587.59	2545.01
587.79	2472.31
587.98	3664.43
588.17	3530.29
588.36	2535.39
588.56	3040.62
588.75	3590.29
588.94	3597.87
589.14	2774.18
589.33	2337.55
589.52	3578.62
589.71	3774.82
589.91	2509.99
590.10	2485.21
590.29	3757.61
590.49	3741.84
590.68	2485.82
590.87	2522.48
591.06	3540.32
591.26	3405.98
591.45	2447.12
591.64	2530.67
591.84	3405.36
592.03	3894.01
592.22	2380.97
592.41	2486.85
592.61	3174.15
592.80	3305.01
592.99	2343.90
593.18	2491.56
593.38	3211.62
593.57	3312.59
593.76	2485.62
593.95	2314.61
594.15	3383.65
594.34	3769.90
594.53	2587.20
594.72	2488.90
594.92	3354.16
595.11	3561.42
595.30	2383.43
595.49	2342.06
595.69	3114.96
595.88	3489.33
596.07	2572.45
596.26	2532.52
596.46	3371.16
596.65	3252.79
596.84	2428.48
597.03	2459.00
597.22	3375.87
597.42	4077.10
597.61	2235.15
597.80	2345.13
597.99	3704.57
598.19	3351.30
598.38	2324.65
598.57	2581.06
598.76	3380.38
598.95	3463.52
599.15	2564.06
599.34	2309.29
599.53	3268.76
599.72	3002.32
599.92	2227.17
600.11	2250.72
600.30	3490.56
600.49	3538.69
600.68	2292.91
600.88	2353.73
601.07	3219.20
601.26	3512.47
601.45	2277.55
601.64	2459.20
601.84	3577.19
602.03	3598.28
602.22	2311.34
602.41	2324.24
602.60	3568.59
602.80	3488.71
602.99	2764.14
603.18	2521.25
603.37	3192.78
603.56	3028.33
603.76	2248.46
603.95	2277.75
604.14	3295.39
604.33	3608.73
604.52	2377.08
604.71	2186.62
604.91	2737.11
605.10	3642.11
605.29	2263.62
605.48	2163.88
605.67	3302.35
605.86	3412.33
606.06	2453.26
606.25	2175.15
606.44	3094.69
606.63	2975.90
606.82	2404.72
607.01	2313.80
607.21	3481.14
607.40	3295.59
607.59	2422.54
607.78	2641.67
607.97	3423.18
608.16	3542.58
608.36	2454.49
608.55	2277.55
608.74	3267.12
608.93	3359.49
609.12	2478.66
609.31	2397.15
609.50	3074.41
609.70	3587.22
609.89	2366.43
610.08	2473.95
610.27	3166.16
610.46	3433.83
610.65	2591.09
610.84	2438.52
611.03	3811.68
611.23	3432.40
611.42	2438.93
611.61	2438.11
611.80	3524.14
611.99	3475.61
612.18	2479.89
612.37	2198.49
612.56	3206.50
612.76	3245.83
612.95	2373.39
613.14	2294.13
613.33	3462.91
613.52	3437.52
613.71	2228.39
613.90	2563.24
614.09	2982.25
614.29	3200.77
614.48	2414.96
614.67	2153.44
614.86	3250.13
615.05	3796.73
615.24	2316.66
615.43	2443.64
615.62	3717.27
615.81	3299.28
616.00	2418.45
616.20	2449.37
616.39	3415.40
616.58	3133.19
616.77	2283.49
616.96	2317.89
617.15	3587.43
617.34	3288.63
617.53	2419.27
617.72	2316.25
617.91	3059.87
618.10	3388.36
618.29	2220.41
618.49	2225.94
618.68	3376.08
618.87	3404.95
619.06	2293.11
619.25	2291.68
619.44	2984.10
619.63	3033.66
619.82	2405.13
620.01	2181.50
620.20	3192.99
620.39	3532.13
620.58	2236.79
620.77	2419.27
620.96	3514.93
621.16	3360.10
621.35	2329.77
621.54	2432.99
621.73	3697.81
621.92	3528.45
622.11	2467.39
622.30	2309.90
622.49	3299.48
622.68	3336.55
622.87	2410.05
623.06	2321.99
623.25	3592.34
623.44	3631.46
623.63	2143.20
623.82	2364.18
624.01	3321.19
624.20	3476.63
624.39	2586.99
624.58	2461.66
624.77	3189.51
624.96	3389.18
625.15	2137.06
625.34	2281.44
625.53	3338.39
625.72	3595.00
625.92	2333.66
626.11	2389.77
626.30	3583.95
626.49	3412.94
626.68	2324.24
626.87	2431.14
627.06	3622.65
627.25	3452.67
627.44	2439.75
627.63	2484.60
627.82	2688.78
628.01	3298.87
628.20	2182.73
628.39	2336.32
628.58	3169.23
628.77	3749.22
628.96	2142.58
629.15	2278.98
629.34	3199.75
629.53	3379.76
629.72	2650.48
629.91	2724.41
630.10	3577.19
630.29	3378.94
630.48	2211.81
630.67	2377.69
630.86	3286.38
631.05	3327.74
631.24	2086.47
631.43	2279.39
631.62	2983.69
631.81	3626.54
632.00	2288.81
632.19	2554.23
632.37	3713.38
632.56	3276.95
632.75	2301.92
632.94	2648.43
633.13	3563.26
633.32	3202.20
633.51	2183.13
633.70	2216.11
633.89	3307.47
634.08	3404.95
634.27	2168.59
634.46	2488.69
634.65	3227.19
634.84	3591.11
635.03	2389.77
635.22	2427.05
635.41	3311.57
635.60	3534.38
635.79	2177.20
635.98	2266.49
636.17	3109.64
636.36	3211.01
636.55	2161.63
636.74	2282.05
636.92	3551.79
637.11	3399.63
637.30	2381.17
637.49	2340.83
637.68	3088.34
637.87	3473.15
638.06	2422.13
638.25	2298.03
638.44	3000.27
638.63	3251.15
638.82	2129.89
639.01	2188.66
639.20	3050.45
639.39	3437.93
639.58	2264.03
639.76	2202.18
639.95	3358.67
640.14	3194.22
640.33	2143.61
640.52	2169.82
640.71	3136.46
640.90	3305.01
641.09	2253.58
641.28	2220.00
641.47	3359.28
641.66	3378.12
641.84	2125.18
642.03	2115.96
642.22	3035.29
642.41	2965.66
642.60	2207.51
642.79	2157.94
642.98	3227.39
643.17	3204.66
643.36	2157.13
643.55	2237.00
643.73	2955.83
643.92	3556.50
644.11	2148.73
644.30	2487.26
644.49	3422.77
644.68	3599.31
644.87	2248.46
645.06	2565.49
645.25	2859.99
645.43	3418.47
645.62	2337.35
645.81	2169.00
646.00	3394.51
646.19	3248.28
646.38	2410.87
646.57	2205.25
646.76	3124.38
646.94	3579.23
647.13	2145.25
647.32	2273.04
647.51	3325.08
647.70	2967.71
647.89	1988.58
648.08	2172.89
648.26	3068.88
648.45	3490.97
648.64	2191.94
648.83	2095.28
649.02	2875.14
649.21	3161.24
649.40	2228.39
649.58	2206.48
649.77	2992.49
649.96	3428.91
650.15	1988.58
650.34	2041.21
650.53	3081.17
650.71	2995.15
650.90	2204.23
651.09	2495.25
651.28	3230.88
651.47	2964.23
651.66	2479.27
651.84	2244.78
652.03	3415.81
652.22	3389.39
652.41	2204.64
652.60	2268.74
652.79	3046.15
652.97	3305.22
653.16	2051.66
653.35	2256.86
653.54	3049.63
653.73	3691.67
653.91	2087.90
654.10	2162.45
654.29	2974.27
654.48	3448.57
654.67	2286.97
654.86	2209.35
655.04	3003.76
655.23	3179.27
655.42	2172.08
655.61	2469.65
655.80	3079.94
655.98	3362.56
656.17	2226.76
656.36	2182.93
656.55	3743.89
656.73	3174.35
656.92	2121.49
657.11	2215.90
657.30	3479.70
657.49	3619.38
657.67	2154.05
657.86	2376.67
658.05	3064.17
658.24	2948.67
658.43	2048.17
658.61	2122.92
658.80	3099.40
658.99	3172.71
659.18	2030.36
659.36	1989.19
659.55	2646.18
659.74	3131.34
659.93	2103.06
660.12	2094.87
660.30	3463.73
660.49	3242.14
660.68	2132.75
660.87	2460.84
661.05	3082.81
661.24	3104.31
661.43	2147.09
661.62	2474.97
661.80	2796.09
661.99	3148.96
662.18	2141.77
662.37	2363.97
662.55	3237.63
662.74	3622.45
662.93	2226.96
663.12	2082.78
663.30	3367.48
663.49	3051.88
663.68	2019.30
663.87	2317.89
664.05	2922.66
664.24	2910.37
664.43	1958.27
664.61	2166.55
664.80	3237.84
664.99	2927.37
665.18	2148.52
665.36	2308.27
665.55	3106.36
665.74	2985.32
665.93	2082.58
666.11	2135.83
666.30	3121.10
666.49	3126.22
666.67	1933.08
666.86	2335.71
667.05	3513.09
667.24	3133.60
667.42	2197.27
667.61	2464.94
667.80	2976.72
667.98	3050.45
668.17	2121.49
668.36	2134.60
668.54	3091.20
668.73	3290.06
668.92	2504.26
669.11	2127.23
669.29	3234.97
669.48	3434.24
669.67	2156.10
669.85	2284.30
670.04	2954.19
670.23	3180.91
670.41	2219.79
670.60	2188.66
670.79	3312.18
670.97	3226.37
671.16	2204.43
671.35	1946.59
671.53	3121.72
671.72	2926.34
671.91	2082.99
672.10	2033.02
672.28	3281.46
672.47	3792.02
672.66	2299.87
672.84	2332.02
673.03	3259.55
673.22	3391.23
673.40	2156.72
673.59	2295.77
673.78	3085.47
673.96	3368.70
674.15	2104.49
674.33	2292.09
674.52	2783.19
674.71	3136.46
674.89	2031.18
675.08	2105.93
675.27	2596.62
675.45	3134.62
675.64	2204.43
675.83	2109.82
676.01	3086.08
676.20	2893.37
676.39	2031.38
676.57	2082.58
676.76	3050.65
676.94	3263.23
677.13	1940.45
677.32	2181.50
677.50	3336.14
677.69	3284.33
677.88	2042.64
678.06	2540.30
678.25	3233.74
678.44	3297.43
678.62	1977.31
678.81	2346.77
678.99	2969.55
679.18	3433.21
679.37	2015.61
679.55	2208.73
679.74	3165.95
679.92	3032.43
680.11	2067.42
680.30	2358.24
680.48	2810.63
680.67	3057.21
680.85	2211.60
681.04	2286.76
681.23	2715.81
681.41	3685.11
681.60	2213.65
681.78	2102.85
681.97	2695.95
682.16	3077.07
682.34	2156.51
682.53	2210.99
682.71	3029.97
682.90	2900.33
683.09	1904.41
683.27	2111.87
683.46	3311.98
683.64	3215.11
683.83	2108.79
684.02	1970.76
684.20	3010.51
684.39	2999.25
684.57	2556.48
684.76	2250.72
684.94	3078.30
685.13	2913.24
685.32	2114.32
685.50	2168.59
685.69	3118.03
685.87	3361.95
686.06	2040.19
686.24	2190.92
686.43	2814.52
686.61	3310.95
686.80	2066.61
686.99	2151.60
687.17	3017.89
687.36	3135.03
687.54	2008.85
687.73	1994.93
687.91	3333.27
688.10	3115.17
688.28	2070.50
688.47	2004.14
688.66	2840.94
688.84	3072.77
689.03	1905.43
689.21	1903.38
689.40	2836.85
689.58	2987.99
689.77	2381.58
689.95	2103.88
690.14	3115.17
690.32	3374.85
690.51	1921.81
690.69	2008.03
690.88	2997.41
691.06	3367.68
691.25	2087.29
691.43	2339.60
691.62	2782.37
691.80	3101.85
691.99	2144.43
692.18	2051.86
692.36	3358.46
692.55	3092.84
692.73	1913.42
692.92	2017.86
693.10	3241.93
693.29	3122.54
693.47	2202.59
693.66	2104.90
693.84	2636.96
694.03	2760.25
694.21	2184.98
694.40	1953.97
694.58	2705.37
694.77	2883.13
694.95	1974.04
695.14	2007.01
695.32	3232.10
695.50	3152.44
695.69	2024.01
695.87	2283.89
696.06	2996.59
696.24	3065.60
696.43	2213.65
696.61	2009.06
696.80	2897.47
696.98	3088.54
697.17	1938.61
697.35	2445.48
697.54	3050.86
697.72	3180.70
697.91	2130.91
698.09	2183.95
698.28	2681.61
698.46	2998.23
698.65	2105.31
698.83	2172.28
699.01	2739.98
699.20	3628.39
699.38	2089.54
699.57	2278.37
699.75	2710.08
699.94	2938.22
700.12	2074.18
700.31	2107.56
700.49	3130.93
700.67	3337.17
700.86	2248.87
701.04	1976.70
701.23	3010.51
701.41	3114.76
701.60	2047.76
701.78	1994.11
701.97	2855.07
702.15	3232.51
702.33	2084.83
702.52	2105.72
702.70	2991.67
702.89	3198.52
703.07	2281.23
703.26	2009.67
703.44	2464.73
703.62	3108.41
703.81	2021.75
703.99	1917.51
704.18	2721.34
704.36	2798.34
704.54	1999.23
704.73	2055.55
704.91	2747.96
705.10	3130.32
705.28	1982.84
705.46	2157.54
705.65	3205.89
705.83	3312.38
706.02	2212.63
706.20	2108.18
706.38	3028.54
706.57	2894.80
706.75	2239.04
706.94	2316.66
707.12	2544.60
707.30	3145.48
707.49	1996.36
707.67	1987.14
707.86	3033.04
708.04	3119.06
708.22	2237.41
708.41	2104.29
708.59	2915.08
708.78	3313.82
708.96	2218.15
709.14	1922.02
709.33	3077.28
709.51	3167.80
709.69	2136.65
709.88	1992.47
710.06	2855.48
710.24	2980.61
710.43	1931.03
710.61	1979.57
710.80	2900.95
710.98	2860.19
711.16	2099.37
711.35	2108.38
711.53	3235.18
711.71	2725.85
711.90	2069.47
712.08	1960.32
712.26	3088.34
712.45	3073.80
712.63	1910.96
712.81	2084.63
713.00	2818.00
713.18	3212.44
713.36	2148.32
713.55	2131.32
713.73	3035.91
713.91	2863.06
714.10	2057.39
714.28	1968.10
714.46	3150.80
714.65	3330.82
714.83	2060.87
715.01	1953.35
715.20	3137.28
715.38	2922.86
715.56	2013.97
715.75	2236.18
715.93	3189.51
716.11	2877.40
716.30	2018.07
716.48	1951.71
716.66	2906.68
716.85	3136.46
717.03	1869.80
717.21	2206.48
717.40	2766.60
717.58	2949.08
717.76	2243.14
717.94	2004.14
718.13	2841.56
718.31	3055.77
718.49	2099.78
718.68	1911.37
718.86	3288.01
719.04	2897.88
719.23	2338.17
719.41	2133.57
719.59	2608.50
719.77	3194.63
719.96	2011.72
720.14	1953.76
720.32	3103.49
720.51	3074.00
720.69	1938.40
720.87	2250.51
721.05	2901.97
721.24	3454.92
721.42	2009.26
721.60	2311.34
721.78	3205.07
721.97	3432.40
722.15	1977.52
722.33	2346.36
722.51	2913.44
722.70	3258.93
722.88	1959.50
723.06	2162.04
723.25	2823.12
723.43	2998.64
723.61	2121.08
723.79	1843.38
723.98	2735.47
724.16	2899.72
724.34	2056.16
724.52	2151.19
724.71	2853.84
724.89	3055.57
725.07	2242.32
725.25	2002.71
725.43	2789.54
725.62	2845.24
725.80	2081.76
725.98	1967.48
726.16	2976.52
726.35	3106.77
726.53	2333.66
726.71	2003.94
726.89	2865.72
727.08	3171.89
727.26	2130.50
727.44	2042.64
727.62	2778.27
727.80	3298.87
727.99	1965.85
728.17	2093.23
728.35	2650.69
728.53	3124.79
728.71	2342.06
728.90	2041.82
729.08	3013.18
729.26	3081.58
729.44	1996.56
729.63	2346.77
729.81	2800.60
729.99	3113.32
730.17	1845.83
730.35	2115.55
730.53	3148.14
730.72	3054.75
730.90	2053.29
731.08	2151.60
731.26	3170.05
731.44	3223.91
731.63	2055.14
731.81	1967.69
731.99	3203.64
732.17	3271.63
732.35	2068.86
732.54	2214.88
732.72	2722.16
732.90	2942.93
733.08	2225.73
733.26	2215.70
733.44	3203.02
733.63	2951.12
733.81	2092.20
733.99	1977.31
734.17	3393.07
734.35	3176.40
734.53	2128.66
734.72	2153.64
734.90	3026.90
735.08	3083.01
735.26	1889.25
735.44	2307.45
735.62	3265.90
735.80	3344.33
735.99	1966.25
736.17	2111.66
736.35	3355.80
736.53	2943.14
736.71	2132.55
736.89	1918.74
737.07	2866.34
737.26	3113.73
737.44	1787.67
737.62	1902.56
737.80	2937.81
737.98	2708.44
738.16	2162.65
738.34	1986.12
738.53	2743.05
738.71	3040.62
738.89	2054.73
739.07	2102.65
739.25	3135.44
739.43	2948.87
739.61	1785.42
739.79	2184.98
739.97	3223.71
740.16	3293.54
740.34	2125.18
740.52	2348.20
740.70	3131.96
740.88	3279.21
741.06	1984.07
741.24	1965.03
741.42	3271.22
741.60	3008.06
741.79	2002.30
741.97	1855.05
742.15	3013.79
742.33	3354.98
742.51	1994.93
742.69	2022.37
742.87	2869.41
743.05	3125.81
743.23	1969.74
743.41	2275.29
743.59	3292.31
743.77	2958.91
743.96	1938.61
744.14	2236.18
744.32	2723.59
744.50	3213.67
744.68	1930.62
744.86	2057.80
745.04	2988.19
745.22	2996.79
745.40	1942.91
745.58	1946.80
745.76	3225.14
745.94	3171.28
746.12	2080.53
746.30	1977.11
746.49	2678.74
746.67	3391.23
746.85	2163.88
747.03	2051.25
747.21	2779.09
747.39	3026.08
747.57	2164.09
747.75	2166.96
747.93	3059.67
748.11	2891.53
748.29	2164.70
748.47	2424.18
748.65	2937.40
748.83	2910.57
749.01	2142.79
749.19	1897.24
749.37	3218.18
749.55	2968.53
749.73	2026.26
749.91	2075.82
750.09	3262.00
750.27	3070.11
750.45	1914.65
750.63	2090.16
750.81	2604.81
750.99	3221.05
751.17	1980.59
751.35	1963.18
751.53	2895.21
751.71	3089.98
751.89	2199.11
752.07	2015.20
752.25	2284.71
752.44	3122.33
752.62	2105.72
752.80	1929.39
752.98	2591.70
753.16	3095.91
753.34	2336.12
753.51	2104.90
753.69	3190.94
753.87	2961.16
754.05	1918.74
754.23	2045.92
754.41	2744.69
754.59	3048.81
754.77	2364.18
754.95	2077.05
755.13	2930.85
755.31	2932.08
755.49	2161.84
755.67	2053.70
755.85	3009.08
756.03	3214.90
756.21	1782.96
756.39	2113.09
756.57	3122.95
756.75	3349.45
756.93	2004.14
757.11	1983.46
757.29	3112.30
757.47	3225.96
757.65	1900.51
757.83	2201.77
758.01	2830.09
758.19	2958.91
758.37	2132.35
758.55	2080.74
758.73	2750.22
758.91	3160.22
759.09	2178.01
759.27	2443.64
759.44	3294.57
759.62	2845.04
759.80	2194.60
759.98	1911.98
760.16	3003.14
760.34	3299.69
760.52	1823.51
760.70	2176.79
760.88	3230.26
761.06	3099.19
761.24	2358.03
761.42	2005.17
761.60	3097.96
761.78	3201.79
761.95	1932.05
762.13	2212.01
762.31	3194.22
762.49	2977.95
762.67	2132.35
762.85	2229.01
763.03	3130.32
763.21	3108.61
763.39	2024.83
763.57	1998.82
763.75	2926.14
763.92	3177.83
764.10	1969.53
764.28	2116.99
764.46	3345.77
764.64	2893.58
764.82	2303.35
765.00	1892.73
765.18	3159.61
765.36	3059.05
765.54	1923.25
765.71	2166.75
765.89	2720.32
766.07	3145.07
766.25	2016.02
766.43	2135.21
766.61	2913.03
766.79	3341.88
766.97	2325.26
767.14	2035.48
767.32	3028.54
767.50	3020.34
767.68	2076.64
767.86	2165.93
768.04	2896.24
768.22	3317.50
768.40	1936.97
768.57	2225.53
768.75	3412.53
768.93	3154.69
769.11	2215.90
769.29	1944.55
769.47	2839.30
769.65	3379.15
769.82	2451.42
770.00	2057.39
770.18	2814.52
770.36	3020.14
770.54	1930.21
770.72	2025.44
770.89	3187.05
771.07	2992.90
771.25	2125.18
771.43	1993.90
771.61	2700.86
771.79	3001.50
771.96	2029.74
772.14	2142.99
772.32	2841.35
772.50	3167.59
772.68	2137.46
772.86	1973.83
773.03	3141.17
773.21	3125.81
773.39	1957.45
773.57	1832.73
773.75	2816.16
773.92	2992.08
774.10	1879.22
774.28	1884.13
774.46	3331.84
774.64	3221.45
774.82	2205.66
774.99	2022.78
775.17	2602.35
775.35	2946.00
775.53	2059.23
775.71	2054.73
775.88	2896.65
776.06	3133.19
776.24	2019.71
776.42	1992.26
776.59	2840.33
776.77	2898.90
776.95	2119.85
777.13	1999.43
777.31	3034.48
777.48	3089.57
777.66	2192.76
777.84	1867.75
778.02	2898.08
778.19	3354.98
778.37	2207.71
778.55	2072.75
778.73	2706.19
778.91	3119.67
779.08	1960.73
779.26	1937.79
779.44	2976.52
779.62	3075.64
779.79	1967.28
779.97	1838.26
780.15	3180.91
780.33	3089.77
780.50	2098.96
780.68	2126.61
780.86	3080.35
781.04	3094.89
781.21	2115.55
781.39	2122.31
781.57	3410.28
781.75	3065.40
781.92	1984.89
782.10	2296.59
782.28	3100.83
782.46	3063.56
782.63	2011.72
782.81	2209.96
782.99	2809.20
783.16	3129.09
783.34	1966.87
783.52	2293.93
783.70	2888.46
783.87	3142.20
784.05	1908.71
784.23	2094.66
784.41	3082.81
784.58	3150.60
784.76	2099.17
784.94	2080.94
785.11	2747.35
785.29	3135.24
785.47	2044.08
785.65	2337.35
785.82	3306.86
786.00	3126.63
786.18	2121.70
786.35	2265.67
786.53	3008.26
786.71	2941.09
786.88	1959.70
787.06	1919.77
787.24	3027.72
787.41	2964.64
787.59	2204.64
787.77	2093.64
787.95	3083.83
788.12	3129.30
788.30	2207.51
788.48	2184.77
788.65	2994.13
788.83	2697.79
789.01	2000.25
789.18	2146.27
789.36	3187.25
789.54	2769.67
789.71	1942.91
789.89	1959.29
790.07	3109.64
790.24	2864.49
790.42	2002.30
790.60	2114.32
790.77	3068.47
790.95	2835.21
791.13	2004.96
791.30	2126.41
791.48	2843.20
791.66	2897.06
791.83	2051.86
792.01	2031.38
792.18	2772.34
792.36	2853.64
792.54	1847.88
792.71	2079.10
792.89	2834.59
793.07	2945.80
793.24	2274.06
793.42	1964.41
793.60	3037.55
793.77	2862.24
793.95	1886.18
794.12	2284.92
794.30	3194.42
794.48	3129.30
794.65	1839.69
794.83	2249.08
795.01	3052.91
795.18	2977.34
795.36	2203.61
795.53	1994.52
795.71	2843.40
795.89	3079.12
796.06	2012.95
796.24	2138.49
796.41	3086.90
796.59	2858.15
796.77	2060.46
796.94	1935.94
797.12	2807.97
797.29	8928.12
797.47	2015.00
797.65	2090.98
797.82	2965.46
798.00	3089.77
798.17	2068.45
798.35	2087.90
798.53	3459.63
798.70	3002.73
798.88	2124.56
799.05	1968.51
799.23	2995.56
799.40	3179.06
799.58	1886.38
799.76	1925.09
799.93	2868.79
800.11	3252.99
800.28	2112.48
800.46	1981.41
800.63	2745.92
800.81	3241.12
800.99	1859.76
801.16	2374.41
801.34	3138.10
801.51	2942.52
801.69	1939.22
801.86	1987.35
802.04	2386.29
802.21	2881.08
802.39	1898.06
802.57	2613.62
802.74	2525.76
802.92	2847.50
803.09	1910.96
803.27	1964.62
803.44	2901.77
803.62	2772.13
803.79	1993.29
803.97	2072.13
804.14	3082.81
804.32	3169.23
804.49	2035.27
804.67	1948.03
804.84	2946.41
805.02	3016.04
805.20	2073.16
805.37	1935.74
805.55	3102.67
805.72	3016.45
805.90	2061.49
806.07	2033.84
806.25	2300.89
806.42	3204.66
806.60	1895.40
806.77	1936.15
806.95	3071.95
807.12	3283.10
807.30	2147.09
807.47	2102.65
807.65	2998.64
807.82	3452.26
808.00	2025.24
808.17	2455.72
808.35	2982.87
808.52	3001.09
808.70	2036.91
808.87	1970.15
809.05	2698.81
809.22	3087.11
809.40	1990.83
809.57	2203.61
809.75	3204.87
809.92	3204.05
810.09	2029.13
810.27	2005.58
810.44	2902.79
810.62	3304.81
810.79	2105.72
810.97	2012.54
811.14	3209.58
811.32	3025.87
811.49	2269.56
811.67	2136.44
811.84	3272.24
812.02	2835.00
812.19	2176.58
812.36	2305.81
812.54	3224.12
812.71	3285.97
812.89	2041.21
813.06	2066.81
813.24	3063.97
813.41	2855.69
813.59	2035.07
813.76	1853.41
813.93	2904.63
814.11	3177.83
814.28	2112.89
814.46	2281.85
814.63	2975.29
814.81	3175.99
814.98	2045.51
815.16	1950.08
815.33	2916.51
815.50	3206.91
815.68	1939.43
815.85	1987.55
816.03	3064.17
816.20	3347.00
816.37	2001.48
816.55	2064.97
816.72	3402.29
816.90	3268.97
817.07	1916.08
817.24	2049.61
817.42	2981.02
817.59	3003.55
817.77	2081.76
817.94	1881.88
818.11	3318.53
818.29	3158.17
818.46	2073.16
818.64	1779.48
818.81	2786.67
818.98	2954.40
819.16	2033.63
819.33	2008.03
819.51	3155.10
819.68	3148.34
819.85	2217.75
820.03	1985.71
820.20	3289.65
820.38	3267.94
820.55	1959.91
820.72	2153.03
820.90	2917.95
821.07	3006.83
821.24	2040.80
821.42	1992.26
821.59	3081.78
821.76	3257.91
821.94	1884.54
822.11	2334.27
822.29	3119.06
822.46	2709.46
822.63	2008.24
822.81	2238.84
822.98	2978.36
823.15	3173.74
823.33	2001.48
823.50	1971.17
823.67	3333.48
823.85	3054.55
824.02	1832.32
824.19	1909.73
824.37	2860.60
824.54	2969.76
824.71	1975.06
824.89	2083.40
825.06	3058.03
825.23	3383.86
825.41	1950.49
825.58	1860.78
825.75	2978.36
825.93	2969.96
826.10	2042.03
826.27	2142.58
826.45	3016.45
826.62	2968.33
826.79	1993.49
826.97	1981.82
827.14	2830.91
827.31	3258.73
827.48	1983.87
827.66	2256.86
827.83	2918.36
828.00	3132.37
828.18	2130.30
828.35	2022.57
828.52	2903.41
828.70	3100.01
828.87	1824.54
829.04	2082.17
829.21	2831.73
829.39	3167.39
829.56	1918.33
829.73	1822.28
829.91	2845.86
830.08	2917.95
830.25	1862.83
830.42	1967.89
830.60	3360.92
830.77	3620.19
830.94	1781.94
831.11	1642.06
831.29	2605.84
831.46	3346.18
831.63	1816.14
831.81	1823.92
831.98	3071.34
832.15	3528.45
832.32	1761.25
832.50	1911.37
832.67	3115.57
832.84	3008.47
833.01	1708.21
833.19	1860.37
833.36	3163.91
833.53	3352.73
833.70	1746.30
833.88	2204.84
834.05	3685.11
834.22	3057.21
834.39	1701.45
834.57	1730.74
834.74	2804.69
834.91	2866.75
835.08	1809.99
835.25	1922.02
835.43	3070.11
835.60	3309.93
835.77	1898.26
835.94	1847.06
836.12	3231.69
836.29	3290.27
836.46	1870.21
836.63	1789.72
836.80	3303.37
836.98	3343.72
837.15	1940.45
837.32	1879.83
837.49	2842.17
837.66	3262.62
837.84	1835.39
838.01	1986.12
838.18	3477.66
838.35	3413.14
838.52	1772.93
838.70	1894.37
838.87	2840.74
839.04	3650.30
839.21	1703.71
839.38	1883.93
839.56	3100.22
839.73	3114.14
839.90	1741.80
840.07	1710.87
840.24	3010.92
840.42	3441.41
840.59	1702.27
840.76	2091.39
840.93	2702.09
841.10	3321.60
841.27	1865.90
841.45	2087.49
841.62	3022.39
841.79	3161.86
841.96	1869.39
842.13	1903.79
842.30	2936.17
842.48	3828.68
842.65	1941.88
842.82	1696.74
842.99	2872.28
843.16	3504.28
843.33	1938.40
843.50	1834.57
843.68	2511.63
843.85	3359.28
844.02	1710.87
844.19	2263.82
844.36	3249.51
844.53	3184.59
844.70	1956.22
844.88	1992.67
845.05	2931.26
845.22	3193.81
845.39	1698.79
845.56	2033.63
845.73	3122.54
845.90	3370.75
846.07	1810.20
846.25	1779.89
846.42	2738.13
846.59	3360.51
846.76	1896.62
846.93	1689.37
847.10	3178.45
847.27	3504.48
847.44	1841.94
847.61	1745.07
847.79	2671.58
847.96	3494.04
848.13	1674.62
848.30	1950.90
848.47	2647.41
848.64	2875.14
848.81	1748.76
848.98	1903.38
849.15	3559.37
849.32	3398.60
849.49	1775.79
849.67	1842.56
849.84	2948.67
850.01	3166.98
850.18	1810.61
850.35	1731.76
850.52	2751.65
850.69	3846.09
850.86	1870.61
851.03	2279.59
851.20	3170.87
851.37	3101.24
851.54	1836.82
851.71	1788.08
851.89	3213.88
852.06	3399.42
852.23	1893.96
852.40	1813.27
852.57	2912.42
852.74	3533.16
852.91	1763.10
853.08	1927.55
853.25	3416.01
853.42	3487.69
853.59	1617.08
853.76	1814.30
853.93	3275.32
854.10	3499.77
854.27	1709.23
854.44	1816.55
854.61	3069.91
854.78	3161.24
854.95	1925.71
855.12	1931.23
855.29	3092.84
855.46	3438.54
855.63	1733.20
855.80	1848.91
855.97	3033.86
856.14	3460.66
856.31	1805.69
856.49	2018.89
856.66	3150.60
856.83	3264.46
857.00	1934.92
857.17	1898.06
857.34	2935.97
857.51	3517.39
857.68	1759.00
857.85	1781.73
858.02	3050.04
858.19	3381.20
858.36	1889.87
858.53	1851.16
858.70	3556.09
858.87	3075.84
859.04	1732.38
859.21	1828.43
859.37	3136.67
859.54	3480.32
859.71	2025.03
859.88	2057.18
860.05	3307.67
860.22	3297.84
860.39	1750.60
860.56	1935.33
860.73	3054.34
860.90	3444.27
861.07	1854.03
861.24	1627.52
861.41	2823.94
861.58	3151.82
861.75	1701.04
861.92	1828.43
862.09	3023.62
862.26	3186.64
862.43	1955.61
862.60	2053.91
862.77	3173.74
862.94	3467.83
863.11	1779.89
863.28	1798.73
863.45	3247.05
863.62	2959.93
863.78	1876.55
863.95	1903.79
864.12	3047.38
864.29	3361.74
864.46	1893.35
864.63	1795.45
864.80	3272.04
864.97	3242.96
865.14	2007.21
865.31	1971.37
865.48	2909.75
865.65	3294.98
865.82	1704.93
865.99	2007.01
866.15	3482.16
866.32	3385.70
866.49	1717.43
866.66	1750.81
866.83	3344.13
867.00	3202.41
867.17	1645.34
867.34	1916.49
867.51	3131.14
867.68	3362.56
867.84	1997.59
868.01	2021.75
868.18	3112.91
868.35	3569.81
868.52	1675.65
868.69	1817.57
868.86	3019.12
869.03	3474.79
869.20	1718.86
869.36	1882.70
869.53	3206.91
869.70	3630.84
869.87	1851.16
870.04	1939.43
870.21	2887.64
870.38	3292.52
870.55	1734.83
870.71	1840.10
870.88	3239.27
871.05	3288.83
871.22	1996.97
871.39	1913.21
871.56	3498.34
871.73	2979.18
871.89	1798.53
872.06	1935.74
872.23	2941.70
872.40	3196.88
872.57	2019.91
872.74	1826.58
872.91	3601.56
873.07	3131.55
873.24	1760.43
873.41	1688.55
873.58	2924.91
873.75	3472.74
873.92	1958.27
874.08	2009.67
874.25	2443.64
874.42	3049.63
874.59	1893.76
874.76	1790.13
874.93	2849.34
875.09	3242.14
875.26	1865.09
875.43	2018.68
875.60	2957.06
875.77	3194.22
875.93	1800.57
876.10	1811.84
876.27	2991.67
876.44	3079.12
876.61	1887.61
876.77	1688.14
876.94	2826.81
877.11	3593.37
877.28	1780.30
877.45	1716.40
877.61	3455.54
877.78	3146.09
877.95	1766.37
878.12	1717.63
878.29	3161.24
878.45	3665.66
878.62	1685.89
878.79	2089.13
878.96	3022.19
879.13	3081.17
879.29	1895.80
879.46	1822.28
879.63	3123.97
879.80	3504.48
879.96	1726.44
880.13	1934.10
880.30	2859.78
880.47	3293.95
880.63	1941.68
880.80	2165.32
880.97	3048.20
881.14	3214.90
881.30	2031.38
881.47	1956.22
881.64	3307.26
881.81	3438.54
881.97	1904.41
882.14	2089.13
882.31	3095.91
882.48	3396.35
882.64	1993.29
882.81	2014.79
882.98	3076.25
883.15	2985.53
883.31	1882.08
883.48	2087.29
883.65	3007.03
883.82	3530.90
883.98	1889.87
884.15	1934.51
884.32	3153.05
884.48	3390.41
884.65	1918.33
884.82	2016.43
884.99	3275.73
885.15	3279.62
885.32	1803.03
885.49	2030.36
885.65	3067.65
>>>>>End Processed Spectral Data<<<<<
