179.08	1191.71
179.29	1191.71
179.50	1191.71
179.72	1188.64
179.93	1203.59
180.15	2526.17
180.36	2068.45
180.58	3483.80
180.79	3337.98
181.00	2001.48
181.22	2015.20
181.43	3359.69
181.65	3580.87
181.86	2217.13
182.08	1790.13
182.29	3618.35
182.50	3194.22
182.72	1880.65
182.93	2347.38
183.15	3321.60
183.36	3588.45
183.57	1799.14
183.79	2153.23
184.00	3186.02
184.22	3392.26
184.43	2001.68
184.65	2197.27
184.86	3194.01
185.07	3207.12
185.29	1772.52
185.50	1951.92
185.72	3417.45
185.93	3376.69
186.14	1981.20
186.36	1953.15
186.57	3025.46
186.79	3894.42
187.00	2085.45
187.21	2197.88
187.43	3607.29
187.64	3325.90
187.86	1974.24
188.07	2345.33
188.28	3120.90
188.50	3700.88
188.71	2288.40
188.93	1972.40
189.14	2971.19
189.35	2841.56
189.57	1976.90
189.78	2011.31
190.00	3072.36
190.21	3299.69
190.42	1925.09
190.64	1818.19
190.85	3295.59
191.07	3514.11
191.28	1911.16
191.49	2160.81
191.71	3241.32
191.92	3371.16
192.14	1847.68
192.35	2264.44
192.56	3292.11
192.78	3469.05
192.99	1959.50
193.20	2287.17
193.42	3430.14
193.63	3478.47
193.85	2239.86
194.06	1918.74
194.27	2947.44
194.49	3693.51
194.70	2158.35
194.91	1937.99
195.13	3067.24
195.34	3133.60
195.56	1979.77
195.77	2085.45
195.98	3469.26
196.20	3274.09
196.41	2020.73
196.62	2102.85
196.84	2898.69
197.05	3255.04
197.27	1897.65
197.48	2085.45
197.69	2826.61
197.91	3016.86
198.12	2006.39
198.33	1716.61
198.55	3898.72
198.76	3510.42
198.97	1881.26
199.19	1978.95
199.40	3005.60
199.61	3467.01
199.83	1974.04
200.04	1881.06
200.26	3076.05
200.47	3610.98
200.68	1937.17
200.90	1916.90
201.11	3426.46
201.32	3573.30
201.54	1763.30
201.75	2002.30
201.96	2836.23
202.18	2929.62
202.39	2228.60
202.60	1965.03
202.82	2735.27
203.03	3218.18
203.24	2104.70
203.46	2260.34
203.67	3140.97
203.88	3464.75
204.10	1986.73
204.31	1900.31
204.52	3412.12
204.74	3434.85
204.95	2032.40
205.16	2127.63
205.38	3426.25
205.59	3673.03
205.80	1957.86
206.02	1844.20
206.23	3856.33
206.44	3161.24
206.66	2036.91
206.87	1956.01
207.08	3098.99
207.30	3738.57
207.51	2122.31
207.72	2266.08
207.94	3272.45
208.15	3495.47
208.36	2109.00
208.58	2059.03
208.79	3286.38
209.00	3507.56
209.22	2028.92
209.43	2004.76
209.64	3188.28
209.86	3080.76
210.07	2078.28
210.28	1876.35
210.50	3192.58
210.71	3677.54
210.92	1992.26
211.13	1961.34
211.35	2742.03
211.56	3325.70
211.77	2153.85
211.99	1912.60
212.20	3010.51
212.41	3034.07
212.63	1857.10
212.84	2049.40
213.05	3719.93
213.27	3529.47
213.48	1904.61
213.69	2058.82
213.90	2402.88
214.12	3277.16
214.33	1867.13
214.54	2143.81
214.76	2905.04
214.97	3525.17
215.18	1819.01
215.40	2586.38
215.61	3402.50
215.82	3419.29
216.03	1844.61
216.25	2017.45
216.46	2845.45
216.67	3653.37
216.89	1868.16
217.10	1889.46
217.31	2890.50
217.52	3217.15
217.74	1961.34
217.95	2022.78
218.16	2884.36
218.38	3584.76
218.59	1844.81
218.80	1994.52
219.01	3138.31
219.23	3565.10
219.44	1857.30
219.65	1998.82
219.87	2544.19
220.08	3346.38
220.29	1895.40
220.50	2123.54
220.72	3446.32
220.93	3203.84
221.14	1958.27
221.35	2097.73
221.57	2925.32
221.78	3652.76
221.99	1957.86
222.21	1851.77
222.42	3044.72
222.63	3528.45
222.84	1932.26
223.06	2133.16
223.27	3244.19
223.48	4151.44
223.69	1792.79
223.91	2098.35
224.12	3123.77
224.33	3604.22
224.54	2212.63
224.76	2020.12
224.97	3179.06
225.18	3367.07
225.39	2071.11
225.61	2011.51
225.82	3218.59
226.03	3695.15
226.24	1849.32
226.46	2270.99
226.67	2523.10
226.88	3325.08
227.09	2150.98
227.31	2075.62
227.52	3272.24
227.73	3453.08
227.94	2009.06
228.16	2037.93
228.37	3034.07
228.58	3563.67
228.79	2081.35
229.01	2057.39
229.22	3075.23
229.43	3351.09
229.64	2221.43
229.86	2075.41
230.07	3268.76
230.28	3791.20
230.49	2131.73
230.71	1931.85
230.92	3254.84
231.13	3756.59
231.34	1989.60
231.55	2067.22
231.77	2791.18
231.98	3565.10
232.19	1864.27
232.40	1969.12
232.62	2766.19
232.83	3094.48
233.04	2122.31
233.25	2154.05
233.46	2897.26
233.68	3460.86
233.89	2265.05
234.10	2155.90
234.31	3145.68
234.53	3736.11
234.74	1936.15
234.95	2085.65
235.16	3000.48
235.37	3515.95
235.59	1731.15
235.80	2123.95
236.01	2762.10
236.22	3356.01
236.44	2055.75
236.65	1872.46
236.86	2859.78
237.07	3439.97
237.28	1979.36
237.50	1995.75
237.71	2700.25
237.92	5280.48
238.13	1868.57
238.34	2136.85
238.56	2595.60
238.77	3648.87
238.98	1900.11
239.19	1932.46
239.40	3129.50
239.62	3943.36
239.83	2152.01
240.04	2078.69
240.25	3086.90
240.46	3238.25
240.68	1859.97
240.89	1872.87
241.10	3320.37
241.31	3298.46
241.52	1797.09
241.73	1828.02
241.95	3183.98
242.16	3764.99
242.37	1882.90
242.58	2063.74
242.79	3118.03
243.01	3286.58
243.22	2127.63
243.43	1761.25
243.64	3122.95
243.85	3530.49
244.06	1935.74
244.28	1907.89
244.49	3297.84
244.70	3792.43
244.91	1992.06
245.12	2032.81
245.34	3085.67
245.55	3300.10
245.76	1822.90
245.97	1895.80
246.18	3191.55
246.39	3251.76
246.61	2062.71
246.82	2009.06
247.03	3069.29
247.24	3186.23
247.45	1941.47
247.66	1979.98
247.88	2635.74
248.09	3330.82
248.30	1861.19
248.51	1781.32
248.72	3111.89
248.93	3220.02
249.15	1901.95
249.36	2324.85
249.57	3275.52
249.78	3531.72
249.99	2020.32
250.20	1883.72
250.41	3071.95
250.63	3300.71
250.84	1755.72
251.05	1961.75
251.26	2972.42
251.47	3095.50
251.68	2128.25
251.89	2199.52
252.11	2493.61
252.32	3171.07
252.53	1882.90
252.74	2019.50
252.95	3360.31
253.16	2722.98
253.37	1902.97
253.59	2020.53
253.80	3276.95
254.01	3344.33
254.22	1893.96
254.43	2307.04
254.64	3108.41
254.85	3395.12
255.07	1902.97
255.28	1897.24
255.49	2878.62
255.70	3537.05
255.91	1867.54
256.12	1860.37
256.33	3245.21
256.54	3600.53
256.76	1866.52
256.97	1897.85
257.18	2921.02
257.39	3314.02
257.60	2167.98
257.81	1958.88
258.02	3275.93
258.23	3525.17
258.45	2195.01
258.66	1925.50
258.87	3687.98
259.08	3587.02
259.29	1923.25
259.50	1999.02
259.71	3380.38
259.92	3705.19
260.13	1838.26
260.35	1987.55
260.56	3042.67
260.77	3624.09
260.98	1938.40
261.19	1989.60
261.40	2926.34
261.61	2680.59
261.82	1823.92
262.03	1951.51
262.25	3186.84
262.46	3549.33
262.67	2114.53
262.88	2048.79
263.09	3258.32
263.30	2944.16
263.51	1753.27
263.72	2077.05
263.93	3445.50
264.14	3750.24
264.36	1887.20
264.57	2152.01
264.78	3590.70
264.99	3422.57
265.20	1911.16
265.41	2195.22
265.62	2899.10
265.83	3643.34
266.04	2095.28
266.25	1961.13
266.46	3514.72
266.67	3307.06
266.89	1738.32
267.10	1868.57
267.31	3278.18
267.52	3213.67
267.73	1998.20
267.94	2040.80
268.15	3070.72
268.36	3547.08
268.57	1838.46
268.78	1914.03
268.99	2856.71
269.20	2925.93
269.41	1927.55
269.63	1832.73
269.84	2886.00
270.05	3557.12
270.26	1960.11
270.47	1983.46
270.68	3241.73
270.89	3652.14
271.10	1897.03
271.31	1978.13
271.52	2924.50
271.73	3291.90
271.94	1932.46
272.15	1978.13
272.36	2853.64
272.57	3626.34
272.78	2105.31
273.00	1950.08
273.21	2896.24
273.42	3431.78
273.63	1913.62
273.84	1993.90
274.05	3016.66
274.26	3282.28
274.47	2157.94
274.68	2322.81
274.89	3146.70
275.10	3221.05
275.31	2213.65
275.52	2214.67
275.73	3113.94
275.94	3259.55
276.15	2241.09
276.36	2051.04
276.57	2887.64
276.78	2984.10
276.99	2081.35
277.20	2043.05
277.41	3125.81
277.63	3090.38
277.84	2081.97
278.05	1924.68
278.26	2930.03
278.47	3044.51
278.68	2241.71
278.89	1907.27
279.10	3033.25
279.31	3115.78
279.52	2099.17
279.73	2086.06
279.94	3091.20
280.15	3524.35
280.36	2131.32
280.57	2288.81
280.78	3144.86
280.99	3110.86
281.20	2250.51
281.41	2047.76
281.62	2904.43
281.83	3134.21
282.04	2041.01
282.25	2234.13
282.46	3166.98
282.67	2742.64
282.88	2064.97
283.09	2027.28
283.30	3223.91
283.51	3205.07
283.72	2257.48
283.93	2211.81
284.14	3166.98
284.35	3037.34
284.56	1997.59
284.77	2107.16
284.98	2787.29
285.19	3202.61
285.40	2186.00
285.61	2172.49
285.82	2975.08
286.03	3219.20
286.24	1983.66
286.45	2016.23
286.66	2805.10
286.87	3322.01
287.08	2161.22
287.29	1992.26
287.50	3289.86
287.71	3227.39
287.92	2046.13
288.13	2062.71
288.34	2856.30
288.55	3070.52
288.76	1975.06
288.97	2174.94
289.18	2931.05
289.39	3097.96
289.60	1888.84
289.81	2223.07
290.02	3004.37
290.23	2971.19
290.44	2151.80
290.65	2135.21
290.86	2724.62
291.07	3165.55
291.28	2294.75
291.49	2015.41
291.70	2981.84
291.91	2629.59
292.12	2046.94
292.33	1966.05
292.54	3440.38
292.75	3274.09
292.96	2189.28
293.17	2226.35
293.38	3169.64
293.58	3273.47
293.79	1940.86
294.00	2238.43
294.21	2783.19
294.42	3441.20
294.63	2051.86
294.84	2071.52
295.05	3101.44
295.26	3468.85
295.47	1937.38
295.68	1951.71
295.89	2938.43
296.10	3295.59
296.31	2028.51
296.52	2289.83
296.73	2825.79
296.94	3157.97
297.15	2096.71
297.36	2294.54
297.57	2700.66
297.78	3152.03
297.98	2157.33
298.19	2470.87
298.40	3143.02
298.61	2969.96
298.82	2145.86
299.03	2440.36
299.24	3173.94
299.45	3584.97
299.66	1963.18
299.87	2037.73
300.08	2883.13
300.29	3104.52
300.50	2002.91
300.71	2294.54
300.92	3048.61
301.13	2987.58
301.33	2086.47
301.54	2263.21
301.75	2848.72
301.96	3187.66
302.17	2049.81
302.38	2020.73
302.59	3057.00
302.80	3297.43
303.01	2396.94
303.22	2370.11
303.43	3035.29
303.64	3185.00
303.85	2160.20
304.05	2140.54
304.26	3046.76
304.47	3071.13
304.68	2050.22
304.89	2182.32
305.10	2717.45
305.31	3069.29
305.52	2083.19
305.73	2059.85
305.94	2764.96
306.15	3117.21
306.35	2096.71
306.56	1957.65
306.77	2941.50
306.98	2997.41
307.19	2103.26
307.40	2149.34
307.61	3117.83
307.82	3175.79
308.03	2283.69
308.24	2321.17
308.45	3190.53
308.65	3421.54
308.86	2107.97
309.07	2237.82
309.28	2925.93
309.49	2888.46
309.70	2134.60
309.91	1982.43
310.12	2878.83
310.33	3037.75
310.53	1948.03
310.74	2078.48
310.95	3306.65
311.16	3190.12
311.37	1947.41
311.58	2313.18
311.79	3144.04
312.00	2990.65
312.20	2069.68
312.41	1954.58
312.62	3117.21
312.83	3291.70
313.04	2024.42
313.25	2402.47
313.46	2853.64
313.67	3292.31
313.87	2093.64
314.08	2207.92
314.29	2981.64
314.50	3292.52
314.71	2123.74
314.92	2015.20
315.13	3329.59
315.34	3201.79
315.54	2069.47
315.75	1951.71
315.96	2824.15
316.17	3046.56
316.38	1868.57
316.59	1972.81
316.80	3096.73
317.00	3281.67
317.21	2311.34
317.42	2067.83
317.63	2751.24
317.84	2985.73
318.05	2290.04
318.26	2073.57
318.46	3332.25
318.67	2612.39
318.88	2119.65
319.09	2163.47
319.30	2752.06
319.51	3132.98
319.71	2035.27
319.92	2043.87
320.13	3072.98
320.34	2727.28
320.55	2101.42
320.76	2116.37
320.97	2994.34
321.17	3171.07
321.38	2027.28
321.59	2105.72
321.80	3238.66
322.01	2962.39
322.22	2196.65
322.42	1985.92
322.63	2597.03
322.84	3456.77
323.05	2266.49
323.26	2239.66
323.47	2390.80
323.67	3073.59
323.88	1977.31
324.09	2191.12
324.30	3083.22
324.51	3151.82
324.71	1938.61
324.92	2007.62
325.13	3073.39
325.34	3028.33
325.55	1972.60
325.76	2136.85
325.96	3141.17
326.17	3343.72
326.38	1834.57
326.59	2181.29
326.80	3122.74
327.00	2953.79
327.21	1943.32
327.42	2338.37
327.63	2849.54
327.84	3033.86
328.04	2226.96
328.25	2004.76
328.46	2991.06
328.67	3071.34
328.88	2149.55
329.08	2032.20
329.29	2691.85
329.50	3048.40
329.71	2178.01
329.92	2026.87
330.12	2740.59
330.33	3106.97
330.54	2025.85
330.75	2519.41
330.96	2990.65
331.16	3053.73
331.37	1847.68
331.58	2227.58
331.79	2938.43
332.00	3024.44
332.20	1798.32
332.41	2113.09
332.62	3046.15
332.83	2897.26
333.03	1979.77
333.24	2555.05
333.45	3247.46
333.66	2851.39
333.87	2152.21
334.07	2062.10
334.28	2883.13
334.49	3325.70
334.70	2152.42
334.90	1869.39
335.11	3111.07
335.32	2885.18
335.53	2012.54
335.74	2180.68
335.94	3250.95
336.15	3274.09
336.36	2238.43
336.57	2180.27
336.77	2785.24
336.98	2527.40
337.19	2150.57
337.40	1951.92
337.60	2879.44
337.81	3022.60
338.02	1855.46
338.23	1835.39
338.43	2750.22
338.64	2954.81
338.85	2151.39
339.06	2002.71
339.26	2966.48
339.47	2867.98
339.68	1947.41
339.89	2198.29
340.09	3077.89
340.30	2918.15
340.51	2070.70
340.72	1957.24
340.92	3036.32
341.13	3030.58
341.34	1955.40
341.55	1949.87
341.75	2971.60
341.96	2860.60
342.17	1966.25
342.38	2088.52
342.58	3143.63
342.79	3203.23
343.00	2128.45
343.20	1995.95
343.41	2647.20
343.62	3076.66
343.83	2264.23
344.03	2062.51
344.24	2544.60
344.45	3300.30
344.66	1889.05
344.86	2193.17
345.07	2867.16
345.28	3148.96
345.48	2253.58
345.69	2085.65
345.90	2828.24
346.11	3135.03
346.31	2196.45
346.52	2071.32
346.73	2911.39
346.93	2986.55
347.14	1869.39
347.35	1793.82
347.56	3088.54
347.76	3242.96
347.97	1986.12
348.18	2149.75
348.38	3068.06
348.59	3259.75
348.80	1991.04
349.01	1966.05
349.21	2836.85
349.42	2836.44
349.63	2116.17
349.83	2150.37
350.04	3125.41
350.25	3186.02
350.45	2047.76
350.66	1955.81
350.87	2889.27
351.08	3040.21
351.28	2041.62
351.49	1996.36
351.70	2849.75
351.90	3510.22
352.11	1974.04
352.32	2483.78
352.52	3069.29
352.73	3147.32
352.94	2107.56
353.14	2099.99
353.35	2470.67
353.56	3258.11
353.76	2096.71
353.97	2198.29
354.18	3251.76
354.39	3134.21
354.59	2051.25
354.80	1924.89
355.01	2976.93
355.21	3307.88
355.42	2010.08
355.63	2157.13
355.83	2719.70
356.04	2960.95
356.25	2326.70
356.45	2408.21
356.66	2886.00
356.87	2931.46
357.07	2049.40
357.28	2040.39
357.49	2888.46
357.69	2610.55
357.90	1794.02
358.11	1826.17
358.31	3413.96
358.52	3158.17
358.72	2038.14
358.93	1895.80
359.14	3254.02
359.34	3265.08
359.55	2027.28
359.76	2047.35
359.96	2648.02
360.17	2564.06
360.38	2149.96
360.58	1981.82
360.79	3263.03
361.00	3197.70
361.20	1910.35
361.41	2049.61
361.62	2738.54
361.82	3194.83
362.03	2059.85
362.23	2069.27
362.44	3034.48
362.65	3316.69
362.85	2166.55
363.06	2251.95
363.27	2841.76
363.47	3218.38
363.68	2107.16
363.89	1995.75
364.09	3062.74
364.30	3282.69
364.50	2049.40
364.71	2195.83
364.92	2695.74
365.12	3141.99
365.33	2077.25
365.54	2124.97
365.74	2978.57
365.95	3033.04
366.15	2113.91
366.36	2236.59
366.57	3342.28
366.77	3228.83
366.98	2005.37
367.18	2115.14
367.39	3028.54
367.60	3225.55
367.80	1915.87
368.01	2126.20
368.22	2890.30
368.42	3371.98
368.63	2097.73
368.83	2138.49
369.04	2682.02
369.25	3400.45
369.45	2017.66
369.66	2308.06
369.86	3007.24
370.07	2960.95
370.28	1898.26
370.48	2311.13
370.69	2768.85
370.89	2964.43
371.10	1914.85
371.31	2191.94
371.51	2930.44
371.72	3862.67
371.92	2174.74
372.13	2217.95
372.33	3226.98
372.54	3065.60
372.75	1999.84
372.95	2126.41
373.16	2825.79
373.36	2862.65
373.57	2065.17
373.78	2233.72
373.98	3323.03
374.19	3136.26
374.39	1995.13
374.60	1996.36
374.80	3223.30
375.01	3010.31
375.22	1922.02
375.42	2157.33
375.63	2902.38
375.83	3263.44
376.04	2196.65
376.24	1901.54
376.45	2884.97
376.66	2750.42
376.86	1967.07
377.07	2039.98
377.27	2657.85
377.48	3185.62
377.68	2100.40
377.89	1977.93
378.09	2866.54
378.30	3049.43
378.51	1954.58
378.71	2154.26
378.92	2624.88
379.12	3077.07
379.33	1948.23
379.53	2377.49
379.74	3043.49
379.94	2902.38
380.15	2075.82
380.36	2125.59
380.56	3046.56
380.77	2933.92
380.97	2019.71
381.18	2253.79
381.38	2869.41
381.59	2877.60
381.79	1985.71
382.00	2175.76
382.20	2844.83
382.41	3062.94
382.61	2176.58
382.82	2027.28
383.03	2684.27
383.23	3358.05
383.44	1974.45
383.64	1988.37
383.85	2981.23
384.05	3016.66
384.26	1941.06
384.46	2149.34
384.67	3022.60
384.87	2868.39
385.08	1923.45
385.28	2100.81
385.49	2990.03
385.69	2872.28
385.90	2600.51
386.10	1917.92
386.31	2903.41
386.51	3229.24
386.72	1950.28
386.92	2162.66
387.13	2889.89
387.33	3149.37
387.54	2234.54
387.74	1908.91
387.95	3021.78
388.15	2879.85
388.36	2268.33
388.56	1928.78
388.77	2709.67
388.97	3125.81
389.18	2193.78
389.38	2133.16
389.59	3137.28
389.79	3130.73
390.00	2064.15
390.20	2589.66
390.41	2839.51
390.61	2987.78
390.82	1967.28
391.02	2027.28
391.23	3025.05
391.43	3354.37
391.64	2043.46
391.84	1975.88
392.05	2759.43
392.25	3139.33
392.46	2016.43
392.66	1912.80
392.87	2951.12
393.07	3100.42
393.28	1929.39
393.48	2046.94
393.69	3345.56
393.89	3034.27
394.10	2258.09
394.30	2027.90
394.51	2964.84
394.71	3060.07
394.92	1977.11
395.12	2149.55
395.32	4172.94
395.53	2899.51
395.73	2107.97
395.94	2005.37
396.14	3032.22
396.35	3165.14
396.55	2290.45
396.76	2004.35
396.96	3160.02
397.17	2968.12
397.37	2208.12
397.58	2263.82
397.78	2754.11
397.98	3127.86
398.19	2041.21
398.39	2265.46
398.60	2464.12
398.80	2984.50
399.01	2435.03
399.21	2152.01
399.42	3061.51
399.62	3035.50
399.83	2069.68
400.03	1932.46
400.23	2627.13
400.44	3123.15
400.64	2093.43
400.85	2184.36
401.05	2954.19
401.26	2761.48
401.46	2203.82
401.66	2359.26
401.87	3061.10
402.07	2659.49
402.28	2031.58
402.48	2217.34
402.69	3097.96
402.89	3043.49
403.09	2103.47
403.30	1912.60
403.50	3165.75
403.71	2837.05
403.91	2122.31
404.12	2569.59
404.32	2659.49
404.52	2783.19
404.73	2254.81
404.93	1974.45
405.14	2282.87
405.34	3256.27
405.54	2062.10
405.75	2222.66
405.95	3275.93
406.16	3080.55
406.36	2227.17
406.57	2089.95
406.77	3067.04
406.97	3094.89
407.18	2086.47
407.38	1987.35
407.59	3062.33
407.79	2967.10
407.99	2109.41
408.20	2159.99
408.40	3186.43
408.61	2548.29
408.81	2117.39
409.01	2088.72
409.22	3363.17
409.42	3143.22
409.63	2098.96
409.83	2098.55
410.03	2682.63
410.24	3161.65
410.44	2149.34
410.64	2351.27
410.85	2880.67
411.05	3146.09
411.26	2064.15
411.46	2035.68
411.66	3210.81
411.87	3140.36
412.07	2025.85
412.28	2211.81
412.48	3183.16
412.68	2769.88
412.89	2113.91
413.09	2254.40
413.29	3143.43
413.50	3431.78
413.70	2037.11
413.91	2210.58
414.11	2980.00
414.31	3043.49
414.52	2022.57
414.72	2013.97
414.92	3169.44
415.13	3125.20
415.33	1987.55
415.53	2106.34
415.74	3302.14
415.94	3133.19
416.14	2082.37
416.35	1888.43
416.55	3067.65
416.76	3093.87
416.96	2153.85
417.16	2068.86
417.37	3005.39
417.57	3055.98
417.77	1908.50
417.98	2202.59
418.18	2863.67
418.38	3194.42
418.59	2038.96
418.79	2036.30
418.99	2778.27
419.20	3255.04
419.40	2101.01
419.60	2242.94
419.81	2959.31
420.01	3074.41
420.21	2329.97
420.42	2243.55
420.62	2952.76
420.82	3013.18
421.03	2017.04
421.23	2226.14
421.43	2723.59
421.64	3070.93
421.84	1911.16
422.04	2092.82
422.25	2956.04
422.45	2853.84
422.65	1952.33
422.86	2298.03
423.06	2534.57
423.26	2998.84
423.47	2054.52
423.67	2188.25
423.87	2932.90
424.08	2729.94
424.28	2062.71
424.48	2233.31
424.68	3034.48
424.89	3068.47
425.09	2204.23
425.29	2226.96
425.50	2814.32
425.70	2907.09
425.90	2237.20
426.11	2128.45
426.31	3306.86
426.51	3151.62
426.71	2235.97
426.92	2228.80
427.12	3172.51
427.32	3042.46
427.53	2202.59
427.73	2358.03
427.93	3235.59
428.14	3367.27
428.34	2040.19
428.54	2249.49
428.74	3094.89
428.95	3307.47
429.15	2046.74
429.35	2149.96
429.56	2637.58
429.76	2956.65
429.96	2216.72
430.16	2152.82
430.37	3039.19
430.57	3093.25
430.77	2238.02
430.97	2217.13
431.18	2956.65
431.38	3212.85
431.58	2418.65
431.79	2150.57
431.99	3133.39
432.19	3225.35
432.39	2685.71
432.60	2299.66
432.80	3140.97
433.00	3502.64
433.20	2151.60
433.41	2227.17
433.61	3242.14
433.81	3025.67
434.01	2270.58
434.22	2261.98
434.42	3506.53
434.62	3071.54
434.82	2306.63
435.03	2158.35
435.23	3135.03
435.43	3490.97
435.63	2163.47
435.84	2212.63
436.04	3102.06
436.24	3478.07
436.44	2334.07
436.65	2499.14
436.85	3175.58
437.05	3066.42
437.25	2252.36
437.46	2170.64
437.66	3224.32
437.86	3504.48
438.06	2489.31
438.27	2507.53
438.47	3455.95
438.67	3530.70
438.87	2653.14
439.08	2983.89
439.28	3874.96
439.48	4370.57
439.68	3632.89
439.88	3971.42
440.09	5244.23
440.29	5321.03
440.49	4880.31
440.69	5731.65
440.90	6743.76
441.10	7459.52
441.30	6874.01
441.50	7383.34
441.70	9286.92
441.91	9319.08
442.11	9057.96
442.31	9490.70
442.51	10466.35
442.71	11229.01
442.92	10659.47
443.12	11265.47
443.32	12835.85
443.52	12756.59
443.73	12427.07
443.93	12775.02
444.13	13387.57
444.33	13700.71
444.53	13087.75
444.74	12919.82
444.94	14072.21
445.14	14132.01
445.34	13226.81
445.54	13154.10
445.74	13580.08
445.95	14572.73
446.15	12829.91
446.35	13304.42
446.55	14443.09
446.75	13940.73
446.96	13199.77
447.16	12914.49
447.36	14234.61
447.56	15024.10
447.76	14341.72
447.97	15157.63
448.17	16716.95
448.37	17138.84
448.57	17238.37
448.77	17537.99
448.97	17596.56
449.18	16690.54
449.38	14753.98
449.58	15250.61
449.78	14800.87
449.98	15438.82
450.18	14295.64
450.39	14533.00
450.59	15949.17
450.79	15121.38
450.99	15246.10
451.19	14205.33
451.39	15745.81
451.60	15147.60
451.80	13588.68
452.00	13802.90
452.20	14382.88
452.40	14341.11
452.60	12924.32
452.80	13648.07
453.01	13996.43
453.21	14054.60
453.41	12937.84
453.61	12995.39
453.81	13117.85
454.01	13470.51
454.22	13159.22
454.42	13255.68
454.62	13979.64
454.82	13953.43
455.02	13284.56
455.22	13062.15
455.42	14350.53
455.62	15295.46
455.83	13558.37
456.03	14139.38
456.23	14245.26
456.43	14340.49
456.63	14119.31
456.83	14375.10
457.03	14855.76
457.24	14429.17
457.44	13175.81
457.64	13630.67
457.84	13895.47
458.04	14038.01
458.24	12923.91
458.44	13235.41
458.64	13700.71
458.84	13656.67
459.05	12868.82
459.25	12864.93
459.45	13568.00
459.65	13395.15
459.85	13330.02
460.05	13104.34
460.25	14194.68
460.45	14196.72
460.65	14016.30
460.86	13661.39
461.06	14367.52
461.26	14214.34
461.46	12651.53
461.66	12207.74
461.86	12569.41
462.06	11761.69
462.26	9825.13
462.46	9026.83
462.66	9265.22
462.87	8285.67
463.07	6651.80
463.27	6176.26
463.47	6590.98
463.67	6182.82
463.87	4542.19
464.07	6185.68
464.27	4645.41
464.47	4594.41
464.67	3494.65
464.87	3131.96
465.08	3875.58
465.28	3532.54
465.48	2695.74
465.68	2686.32
465.88	3720.95
466.08	3512.06
466.28	2363.36
466.48	2448.76
466.68	3255.04
466.88	3414.17
467.08	2329.77
467.28	2370.11
467.48	3077.48
467.68	3271.43
467.89	2377.90
468.09	2319.73
468.29	2949.89
468.49	3392.46
468.69	2232.49
468.89	2262.60
469.09	3059.67
469.29	3294.57
469.49	1960.93
469.69	2296.80
469.89	3225.35
470.09	3249.31
470.29	2185.39
470.49	2769.67
470.69	3231.08
470.89	3259.34
471.09	2112.68
471.29	2330.59
471.49	3084.65
471.70	3594.19
471.90	2329.15
472.10	2230.85
472.30	2912.01
472.50	2919.17
472.70	2141.77
472.90	2484.60
473.10	3391.64
473.30	3206.30
473.50	2127.02
473.70	2124.77
473.90	3450.01
474.10	3314.43
474.30	1939.84
474.50	2087.70
474.70	3525.99
474.90	2985.73
475.10	2152.21
475.30	2154.87
475.50	2845.45
475.70	3162.68
475.90	2288.40
476.10	2300.48
476.30	2915.69
476.50	3209.78
476.70	2152.82
476.90	2321.78
477.10	3028.33
477.30	3132.16
477.50	2108.79
477.70	2325.88
477.90	3212.65
478.10	3458.20
478.30	2329.56
478.50	2167.98
478.70	2894.19
478.90	3317.91
479.10	2072.54
479.30	2224.91
479.50	3152.85
479.70	3470.69
479.90	2201.57
480.10	2358.24
480.30	3087.93
480.50	3259.14
480.70	2143.40
480.90	2261.57
481.10	2808.99
481.30	3170.26
481.50	2111.05
481.70	2337.76
481.90	3091.41
482.10	3256.07
482.30	2181.09
482.50	8691.58
482.70	2732.81
482.90	2940.88
483.10	2368.89
483.30	2218.77
483.50	3361.95
483.70	3341.06
483.90	2223.07
484.10	2146.48
484.30	3256.68
484.50	3136.67
484.70	2410.05
484.90	2249.28
485.10	3050.24
485.30	2794.86
485.50	2260.96
485.69	2272.63
485.89	3362.76
486.09	3343.10
486.29	2511.42
486.49	2234.13
486.69	3165.55
486.89	3342.69
487.09	2242.32
487.29	2251.33
487.49	2949.89
487.69	3331.64
487.89	2231.88
488.09	2233.51
488.29	2787.90
488.49	3133.80
488.69	2392.85
488.89	2358.03
489.09	3032.43
489.29	3143.84
489.48	2095.07
489.68	2059.64
489.88	3124.18
490.08	3489.53
490.28	2357.21
490.48	2258.30
490.68	3261.39
490.88	3463.32
491.08	2185.18
491.28	2590.48
491.48	3148.75
491.68	3177.01
491.88	2279.59
492.08	2252.97
492.27	3377.31
492.47	3305.42
492.67	2324.65
492.87	2317.48
493.07	3400.45
493.27	3285.15
493.47	2267.92
493.67	2374.01
493.87	3499.57
494.07	3267.33
494.27	2199.52
494.46	2414.35
494.66	3306.45
494.86	3215.31
495.06	2160.61
495.26	2174.12
495.46	2969.35
495.66	2805.92
495.86	2147.91
496.06	2472.72
496.26	2909.96
496.45	3239.89
496.65	2145.04
496.85	2149.75
497.05	3092.23
497.25	3408.84
497.45	2176.17
497.65	2176.58
497.85	3284.12
498.05	3102.26
498.24	2444.87
498.44	2134.80
498.64	2818.41
498.84	3390.62
499.04	2077.05
499.24	2635.33
499.44	3238.86
499.64	3287.40
499.83	2216.52
500.03	2334.89
500.23	3441.20
500.43	3591.52
500.63	2119.65
500.83	2404.11
501.03	3227.60
501.22	3264.46
501.42	2483.16
501.62	2255.63
501.82	2921.84
502.02	3177.22
502.22	2376.67
502.42	2381.17
502.62	2803.87
502.81	3080.14
503.01	2155.08
503.21	2300.28
503.41	3438.13
503.61	3437.93
503.81	2240.68
504.00	2429.10
504.20	3104.11
504.40	3286.79
504.60	2553.20
504.80	2511.83
505.00	3387.75
505.20	3341.67
505.39	2196.45
505.59	2534.98
505.79	3162.06
505.99	3445.50
506.19	2573.89
506.39	2481.32
506.58	3320.37
506.78	3310.95
506.98	2525.96
507.18	2559.55
507.38	3184.59
507.57	3137.49
507.77	2083.19
507.97	2361.92
508.17	3346.79
508.37	3199.34
508.57	2207.92
508.76	2428.69
508.96	3036.52
509.16	3564.49
509.36	2180.27
509.56	2382.61
509.75	3387.14
509.95	2749.60
510.15	2275.91
510.35	2423.98
510.55	3079.12
510.75	3157.15
510.94	2452.65
511.14	2315.43
511.34	3222.68
511.54	2815.34
511.74	2260.14
511.93	2737.93
512.13	3487.28
512.33	3258.93
512.53	2157.54
512.72	2322.40
512.92	3265.49
513.12	3475.20
513.32	2628.36
513.52	2226.76
513.71	3238.25
513.91	3422.77
514.11	2668.30
514.31	2354.96
514.51	3269.58
514.70	3384.88
514.90	2674.85
515.10	2406.16
515.30	3023.01
515.49	3414.78
515.69	2443.64
515.89	2499.34
516.09	3245.01
516.29	3627.57
516.48	2768.03
516.68	2519.00
516.88	3340.24
517.08	3508.78
517.27	2307.24
517.47	2380.76
517.67	3416.42
517.87	3352.52
518.06	2454.70
518.26	2391.00
518.46	3033.45
518.66	3490.76
518.85	2468.62
519.05	2418.86
519.25	3450.42
519.45	3011.95
519.64	2380.15
519.84	2536.00
520.04	3155.51
520.24	3405.36
520.43	2479.89
520.63	2481.52
520.83	2879.24
521.03	3331.84
521.22	2517.16
521.42	2385.68
521.62	3341.26
521.82	3451.65
522.01	2436.47
522.21	2607.27
522.41	3027.92
522.61	3385.91
522.80	2328.95
523.00	2550.34
523.20	3274.91
523.39	3612.62
523.59	2512.24
523.79	2444.25
523.99	3186.43
524.18	3528.65
524.38	2471.08
524.58	2584.95
524.77	3337.17
524.97	3183.77
525.17	2393.05
525.37	2526.37
525.56	3635.14
525.76	3460.04
525.96	2541.73
526.15	2356.39
526.35	3333.07
526.55	3492.20
526.75	2457.15
526.94	2647.00
527.14	2989.42
527.34	3561.01
527.53	2581.06
527.73	2429.91
527.93	3318.73
528.12	3326.11
528.32	2376.05
528.52	2573.27
528.72	3418.88
528.91	3429.94
529.11	2537.84
529.31	2537.02
529.50	3693.10
529.70	3196.88
529.90	2485.01
530.09	2341.44
530.29	3491.79
530.49	3338.39
530.68	2402.88
530.88	2739.36
531.08	3538.89
531.27	3369.32
531.47	2459.00
531.67	2532.93
531.86	3471.51
532.06	3165.14
532.26	2436.47
532.45	2994.13
532.65	3029.15
532.85	3024.65
533.04	2375.64
533.24	2529.24
533.44	3256.07
533.63	3357.24
533.83	2524.53
534.03	2922.66
534.22	3307.47
534.42	3315.25
534.62	2564.06
534.81	2487.26
535.01	2983.07
535.21	3624.50
535.40	2386.09
535.60	2988.60
535.80	3015.02
535.99	3498.14
536.19	2579.42
536.38	2489.72
536.58	3477.25
536.78	3361.95
536.97	2585.77
537.17	2663.38
537.37	3248.08
537.56	3477.66
537.76	2425.00
537.96	2470.87
538.15	3687.16
538.35	3722.59
538.54	2422.95
538.74	2624.06
538.94	3462.09
539.13	3451.03
539.33	2549.72
539.53	2491.97
539.72	3235.18
539.92	3520.25
540.11	2402.88
540.31	2549.11
540.51	3414.17
540.70	3650.71
540.90	2499.34
541.10	2450.80
541.29	3641.70
541.49	3329.79
541.68	2514.29
541.88	2614.64
542.08	3610.77
542.27	3409.05
542.47	2439.34
542.66	2511.42
542.86	3129.50
543.06	3644.36
543.25	2642.29
543.45	2987.17
543.64	3519.64
543.84	3486.87
544.04	2323.63
544.23	2773.36
544.43	3625.11
544.62	3680.61
544.82	2351.27
545.01	2527.60
545.21	3656.65
545.41	3490.76
545.60	2417.22
545.80	2622.01
545.99	3546.67
546.19	3629.41
546.39	2778.68
546.58	2563.65
546.78	3397.78
546.97	3478.27
547.17	2533.95
547.36	2595.19
547.56	3560.19
547.76	3553.84
547.95	2606.04
548.15	2555.25
548.34	3363.17
548.54	3459.84
548.73	2542.55
548.93	2558.73
549.12	3550.97
549.32	3118.03
549.52	2833.98
549.71	2542.76
549.91	3462.71
550.10	3308.29
550.30	2611.98
550.49	2371.14
550.69	3296.21
550.88	3472.95
551.08	2526.99
551.28	2566.10
551.47	3767.44
551.67	3287.81
551.86	2477.43
552.06	2813.91
552.25	3348.02
552.45	3715.22
552.64	2663.38
552.84	2898.49
553.03	3399.42
553.23	3859.19
553.42	2420.29
553.62	2650.28
553.81	3559.57
554.01	3634.12
554.21	2500.57
554.40	2506.30
554.60	3420.93
554.79	3241.32
554.99	2694.51
555.18	2713.15
555.38	3304.60
555.57	7081.67
555.77	2600.92
555.96	2704.55
556.16	3595.21
556.35	3680.61
556.55	2309.29
556.74	2457.97
556.94	3319.76
557.13	3552.82
557.33	2682.63
557.52	2563.44
557.72	3554.86
557.91	3735.90
558.11	2853.64
558.30	2675.26
558.50	3388.98
558.69	3563.26
558.89	2547.06
559.08	2428.07
559.28	3154.90
559.47	3631.05
559.67	2446.09
559.86	2705.78
560.06	3079.53
560.25	3517.39
560.45	3000.48
560.64	2642.49
560.84	3458.20
561.03	3684.50
561.23	2391.82
561.42	2281.44
561.62	3479.91
561.81	3680.61
562.00	2550.13
562.20	2952.97
562.39	3349.86
562.59	3502.03
562.78	2704.14
562.98	2517.57
563.17	3631.66
563.37	3307.26
563.56	2394.69
563.76	2475.18
563.95	3419.70
564.15	3480.52
564.34	2411.69
564.54	2641.67
564.73	3614.05
564.92	3807.58
565.12	2616.28
565.31	2651.51
565.51	3719.52
565.70	3685.32
565.90	2553.61
566.09	2808.79
566.29	3512.06
566.48	3801.44
566.67	2771.52
566.87	2517.98
567.06	3561.21
567.26	3294.36
567.45	2361.72
567.65	2404.93
567.84	3709.90
568.03	3787.72
568.23	2388.55
568.42	2867.36
568.62	3331.23
568.81	3580.05
569.01	2608.50
569.20	2313.80
569.39	3652.14
569.59	3674.88
569.78	2437.70
569.98	2571.84
570.17	3579.03
570.37	3418.88
570.56	2719.09
570.75	2467.19
570.95	3729.56
571.14	3719.32
571.34	2337.96
571.53	2273.86
571.72	3469.87
571.92	3573.30
572.11	2698.20
572.31	2887.23
572.50	3352.93
572.69	3047.38
572.89	2638.40
573.08	2562.42
573.28	3623.47
573.47	3701.50
573.66	2426.23
573.86	2474.97
574.05	2990.65
574.25	3706.41
574.44	2378.92
574.63	2595.80
574.83	3325.08
575.02	3523.12
575.22	2399.81
575.41	2528.22
575.60	3653.17
575.80	3555.89
575.99	2510.60
576.18	2351.68
576.38	3206.91
576.57	3871.68
576.77	2379.33
576.96	2329.77
577.15	3417.45
577.35	3789.15
577.54	2844.83
577.73	2392.85
577.93	3515.75
578.12	3584.97
578.31	2464.12
578.51	2442.00
578.70	2983.48
578.90	3926.57
579.09	2332.64
579.28	2643.31
579.48	3128.07
579.67	3731.81
579.86	2430.73
580.06	2473.54
580.25	3679.79
580.44	3870.66
580.64	2266.49
580.83	2279.18
581.02	3661.15
581.22	3575.55
581.41	2541.53
581.60	2406.98
581.80	3384.06
581.99	3781.37
582.18	2569.79
582.38	2703.52
582.57	2894.19
582.76	3872.91
582.96	2516.34
583.15	2521.66
583.34	3366.04
583.54	3340.24
583.73	2295.77
583.92	2408.62
584.12	3132.57
584.31	3487.08
584.50	2416.19
584.70	2870.43
584.89	3266.10
585.08	3738.36
585.28	2571.84
585.47	2397.76
585.66	3239.48
585.86	3435.47
586.05	2726.05
586.24	2460.63
586.43	3607.09
586.63	3568.38
586.82	2478.86
587.01	2482.55
587.21	3177.42
587.40	3892.78
587.59	2527.81
587.79	2481.93
587.98	3641.08
588.17	3519.23
588.36	2550.34
588.56	2997.82
588.75	3572.07
588.94	3595.00
589.14	2768.24
589.33	2340.01
589.52	3566.74
589.71	3776.86
589.91	2502.62
590.10	2480.29
590.29	3745.12
590.49	3740.41
590.68	2497.91
590.87	2519.00
591.06	3607.50
591.26	3403.31
591.45	2479.27
591.64	2528.22
591.84	3382.02
592.03	3897.90
592.22	2428.48
592.41	2471.90
592.61	3192.37
592.80	3335.53
592.99	2326.29
593.18	2508.35
593.38	3202.82
593.57	3282.69
593.76	2511.01
593.95	2332.43
594.15	3400.04
594.34	3781.98
594.53	2605.02
594.72	2457.97
594.92	3357.03
595.11	3580.05
595.30	2384.25
595.49	2339.60
595.69	3122.74
595.88	3481.75
596.07	2565.29
596.26	2532.72
596.46	3373.62
596.65	3255.66
596.84	2402.68
597.03	2471.28
597.22	3368.91
597.42	4063.78
597.61	2226.35
597.80	2342.47
597.99	3713.99
598.19	3345.15
598.38	2307.65
598.57	2565.29
598.76	3359.90
598.95	3460.86
599.15	2565.49
599.34	2332.84
599.53	3267.12
599.72	2962.80
599.92	2233.31
600.11	2210.58
600.30	3487.90
600.49	3518.82
600.68	2297.82
600.88	2344.51
601.07	3197.29
601.26	3502.44
601.45	2275.70
601.64	2432.37
601.84	3579.23
602.03	3578.21
602.22	2283.08
602.41	2340.62
602.60	3540.94
602.80	3488.71
602.99	2754.11
603.18	2520.44
603.37	3187.05
603.56	3033.86
603.76	2252.56
603.95	2286.15
604.14	3224.12
604.33	3563.06
604.52	2339.60
604.71	2188.25
604.91	2736.91
605.10	3611.39
605.29	2282.05
605.48	2190.71
605.67	3276.14
605.86	3380.58
606.06	2451.21
606.25	2135.21
606.44	3102.67
606.63	2960.54
606.82	2385.68
607.01	2290.65
607.21	3479.29
607.40	3296.00
607.59	2469.03
607.78	2610.55
607.97	3444.68
608.16	3537.66
608.36	2439.54
608.55	2261.37
608.74	3239.68
608.93	3366.66
609.12	2472.92
609.31	2361.51
609.50	3078.30
609.70	3612.62
609.89	2351.27
610.08	2467.80
610.27	3149.98
610.46	3432.40
610.65	2572.25
610.84	2414.56
611.03	3789.36
611.23	3379.15
611.42	2437.08
611.61	2449.37
611.80	3530.08
611.99	3463.32
612.18	2443.64
612.37	2214.26
612.56	3244.19
612.76	3248.08
612.95	2371.96
613.14	2303.15
613.33	3430.14
613.52	3427.48
613.71	2222.25
613.90	2571.22
614.09	3002.32
614.29	3191.14
614.48	2431.76
614.67	2173.71
614.86	3237.63
615.05	3776.04
615.24	2321.78
615.43	2441.79
615.62	3753.31
615.81	3278.18
616.00	2404.72
616.20	2454.29
616.39	3413.96
616.58	3131.55
616.77	2283.28
616.96	2307.45
617.15	3526.60
617.34	3300.92
617.53	2424.59
617.72	2297.21
617.91	3037.14
618.10	3404.54
618.29	2221.64
618.49	2198.29
618.68	3372.59
618.87	3408.84
619.06	2290.45
619.25	2265.67
619.44	2983.28
619.63	3026.69
619.82	2414.56
620.01	2182.52
620.20	3199.75
620.39	3485.64
620.58	2218.15
620.77	2426.43
620.96	3477.04
621.16	3355.60
621.35	2273.04
621.54	2444.05
621.73	3685.32
621.92	3462.50
622.11	2492.17
622.30	2304.58
622.49	3257.50
622.68	3333.68
622.87	2405.75
623.06	2301.92
623.25	3556.30
623.44	3664.84
623.63	2162.65
623.82	2358.65
624.01	3297.84
624.20	3486.67
624.39	2581.06
624.58	2470.06
624.77	3164.32
624.96	3389.59
625.15	2136.03
625.34	2310.52
625.53	3322.62
625.72	3601.56
625.92	2340.62
626.11	2407.59
626.30	3562.85
626.49	3428.71
626.68	2357.21
626.87	2419.88
627.06	3604.02
627.25	3444.27
627.44	2434.63
627.63	2467.80
627.82	2709.46
628.01	3272.04
628.20	2204.23
628.39	2342.06
628.58	3189.51
628.77	3753.93
628.96	2135.42
629.15	2282.26
629.34	3213.47
629.53	3381.81
629.72	2669.53
629.91	2682.84
630.10	3605.04
630.29	3345.77
630.48	2202.39
630.67	2376.67
630.86	3292.31
631.05	3332.45
631.24	2109.61
631.43	2302.74
631.62	2983.07
631.81	3616.51
632.00	2288.61
632.19	2544.60
632.37	3693.72
632.56	3280.44
632.75	2317.48
632.94	2625.29
633.13	3578.01
633.32	3215.93
633.51	2161.43
633.70	2204.43
633.89	3312.79
634.08	3409.87
634.27	2154.26
634.46	2492.38
634.65	3203.64
634.84	3575.14
635.03	2412.71
635.22	2430.94
635.41	3322.21
635.60	3527.83
635.79	2177.61
635.98	2290.04
636.17	3077.28
636.36	3202.82
636.55	2164.50
636.74	2293.11
636.92	3579.64
637.11	3359.08
637.30	2381.38
637.49	2342.26
637.68	3105.13
637.87	3456.97
638.06	2420.29
638.25	2256.25
638.44	3057.21
638.63	3259.96
638.82	2126.82
639.01	2198.29
639.20	3047.79
639.39	3461.48
639.58	2255.22
639.76	2226.76
639.95	3355.19
640.14	3146.29
640.33	2137.46
640.52	2178.42
640.71	3110.25
640.90	3336.55
641.09	2260.96
641.28	2207.10
641.47	3345.56
641.66	3342.28
641.84	2131.94
642.03	2097.32
642.22	3049.22
642.41	2911.80
642.60	2210.17
642.79	2139.72
642.98	3191.55
643.17	3219.82
643.36	2138.49
643.55	2190.30
643.73	2968.53
643.92	3545.03
644.11	2167.98
644.30	2462.48
644.49	3434.44
644.68	3579.23
644.87	2242.53
645.06	2548.08
645.25	2888.86
645.43	3438.54
645.62	2328.34
645.81	2170.03
646.00	3389.59
646.19	3280.44
646.38	2426.23
646.57	2209.96
646.76	3095.10
646.94	3584.56
647.13	2129.68
647.32	2256.04
647.51	3358.87
647.70	3008.47
647.89	1985.92
648.08	2174.12
648.26	3067.04
648.45	3468.24
648.64	2218.36
648.83	2108.59
649.02	2879.24
649.21	3130.93
649.40	2227.58
649.58	2212.01
649.77	2997.82
649.96	3395.33
650.15	1985.10
650.34	2037.93
650.53	3075.84
650.71	2982.66
650.90	2185.18
651.09	2485.01
651.28	3240.50
651.47	2981.84
651.66	2437.08
651.84	2245.80
652.03	4099.42
652.22	3384.88
652.41	2213.04
652.60	2280.21
652.79	3054.34
652.97	3280.85
653.16	2080.94
653.35	2257.68
653.54	3067.65
653.73	3720.34
653.91	2090.77
654.10	2191.53
654.29	2967.71
654.48	3441.20
654.67	2283.89
654.86	2203.20
655.04	3000.27
655.23	3202.41
655.42	2175.15
655.61	2452.44
655.80	3094.07
655.98	3391.03
656.17	2221.43
656.36	2175.15
656.55	3753.31
656.73	3184.18
656.92	2121.29
657.11	2224.30
657.30	3449.39
657.49	3619.38
657.67	2166.75
657.86	2381.99
658.05	3063.97
658.24	2971.40
658.43	2042.64
658.61	2158.97
658.80	3092.43
658.99	3163.09
659.18	2042.44
659.36	2004.35
659.55	2657.03
659.74	3145.27
659.93	2099.37
660.12	2135.01
660.30	3476.22
660.49	3225.55
660.68	2110.64
660.87	2468.21
661.05	3082.19
661.24	3114.96
661.43	2161.22
661.62	2473.95
661.80	2837.46
661.99	3125.20
662.18	2154.05
662.37	2361.10
662.55	3211.01
662.74	3636.17
662.93	2195.63
663.12	2089.13
663.30	3366.04
663.49	3048.20
663.68	2011.11
663.87	2310.72
664.05	2955.42
664.24	2892.55
664.43	1939.84
664.61	2160.40
664.80	3228.62
664.99	2945.80
665.18	2107.97
665.36	2306.42
665.55	3089.36
665.74	2988.40
665.93	2063.53
666.11	2132.96
666.30	3128.89
666.49	3146.50
666.67	1933.28
666.86	2339.19
667.05	3531.52
667.24	3152.23
667.42	2195.83
667.61	2479.48
667.80	2989.22
667.98	3048.20
668.17	2099.17
668.36	2123.74
668.54	3074.82
668.73	3282.69
668.92	2488.49
669.11	2126.00
669.29	3242.75
669.48	3436.90
669.67	2169.82
669.85	2269.76
670.04	2983.28
670.23	3217.97
670.41	2231.26
670.60	2193.17
670.79	3309.72
670.97	3249.31
671.16	2227.58
671.35	1927.34
671.53	3102.67
671.72	2948.67
671.91	2077.25
672.10	2016.02
672.28	3276.34
672.47	3808.61
672.66	2299.66
672.84	2298.64
673.03	3299.89
673.22	3387.95
673.40	2173.92
673.59	2299.66
673.78	3079.12
673.96	3370.55
674.15	2110.64
674.33	2295.36
674.52	2826.81
674.71	3141.58
674.89	1997.38
675.08	2076.44
675.27	2613.00
675.45	3149.98
675.64	2179.65
675.83	2130.50
676.01	3089.77
676.20	2877.19
676.39	2017.25
676.57	2059.64
676.76	3060.07
676.94	3262.41
677.13	1935.13
677.32	2177.20
677.50	3309.72
677.69	3330.41
677.88	2061.28
678.06	2527.19
678.25	3247.87
678.44	3327.33
678.62	1996.16
678.81	2326.90
678.99	2966.89
679.18	3396.56
679.37	2057.18
679.55	2205.25
679.74	3184.59
679.92	3030.38
680.11	2078.69
680.30	2346.56
680.48	2820.26
680.67	3049.84
680.85	2226.55
681.04	2284.92
681.23	2734.65
681.41	3667.91
681.60	2209.96
681.78	2079.51
681.97	2711.10
682.16	3078.92
682.34	2190.30
682.53	2246.83
682.71	3020.75
682.90	2918.77
683.09	1931.23
683.27	2095.28
683.46	3293.54
683.64	3243.78
683.83	2107.56
684.02	1997.18
684.20	2996.79
684.39	3008.47
684.57	2549.93
684.76	2235.15
684.94	3052.91
685.13	2912.42
685.32	2103.06
685.50	2182.52
685.69	3122.13
685.87	3372.59
686.06	2045.51
686.24	2191.12
686.43	2831.93
686.61	3318.12
686.80	2101.22
686.99	2133.78
687.17	2989.22
687.36	3149.57
687.54	2014.18
687.73	2001.28
687.91	3304.81
688.10	3129.71
688.28	2081.97
688.47	1985.30
688.66	2833.98
688.84	3071.75
689.03	1926.32
689.21	1883.31
689.40	2855.07
689.58	2974.88
689.77	2411.28
689.95	2110.02
690.14	3109.84
690.32	3367.88
690.51	1925.50
690.69	1996.16
690.88	2975.49
691.06	3333.48
691.25	2083.81
691.43	2361.72
691.62	2800.60
691.80	3095.30
691.99	2160.61
692.18	2071.52
692.36	3373.21
692.55	3073.18
692.73	1923.45
692.92	2035.48
693.10	3186.23
693.29	3123.15
693.47	2210.99
693.66	2130.09
693.84	2632.05
694.03	2753.70
694.21	2189.89
694.40	1957.65
694.58	2713.97
694.77	2914.67
694.95	1954.79
695.14	1986.12
695.32	3215.93
695.50	3170.05
695.69	2015.00
695.87	2274.88
696.06	2984.71
696.24	3071.95
696.43	2235.56
696.61	1992.67
696.80	2909.14
696.98	3083.42
697.17	1941.27
697.35	2440.97
697.54	2953.17
697.72	3159.61
697.91	2118.42
698.09	2192.56
698.28	2663.18
698.46	3023.83
698.65	2116.58
698.83	2150.16
699.01	2762.10
699.20	3629.41
699.38	2120.47
699.57	2280.00
699.75	2720.11
699.94	2908.12
700.12	2073.77
700.31	2074.80
700.49	3105.95
700.67	3329.79
700.86	2243.14
701.04	1981.61
701.23	2978.77
701.41	3122.95
701.60	2051.45
701.78	2002.50
701.97	2903.81
702.15	3260.57
702.33	2066.61
702.52	2082.37
702.70	2982.46
702.89	3173.74
703.07	2287.58
703.26	2017.04
703.44	2482.34
703.62	3102.26
703.81	2044.49
703.99	1932.26
704.18	2734.86
704.36	2820.67
704.54	2002.91
704.73	2048.58
704.91	2745.71
705.10	3148.75
705.28	1979.57
705.46	2114.73
705.65	3194.42
705.83	3306.24
706.02	2207.30
706.20	2128.04
706.38	2982.05
706.57	2923.48
706.75	2215.70
706.94	2322.40
707.12	2567.95
707.30	3159.20
707.49	2004.76
707.67	1978.95
707.86	3061.92
708.04	3097.35
708.22	2203.00
708.41	2075.21
708.59	2896.44
708.78	3333.07
708.96	2259.52
709.14	1926.93
709.33	3091.41
709.51	3173.74
709.69	2140.33
709.88	1992.26
710.06	2886.20
710.24	2948.05
710.43	1975.68
710.61	1966.05
710.80	2958.91
710.98	2854.46
711.16	2147.91
711.35	2096.71
711.53	3222.68
711.71	2706.60
711.90	2096.71
712.08	1987.35
712.26	3085.88
712.45	3082.60
712.63	1876.55
712.81	2026.26
713.00	2804.49
713.18	3197.29
713.36	2145.66
713.55	2131.12
713.73	3062.74
713.91	2870.43
714.10	2048.38
714.28	1940.25
714.46	3143.22
714.65	3342.49
714.83	2064.76
715.01	1941.47
715.20	3139.74
715.38	2935.76
715.56	2034.66
715.75	2214.67
715.93	3171.69
716.11	2873.10
716.30	2013.97
716.48	1945.57
716.66	2902.38
716.85	3138.72
717.03	1860.58
717.21	2224.50
717.40	2736.29
717.58	2956.24
717.76	2223.89
717.94	1997.38
718.13	2814.32
718.31	3039.80
718.49	2126.41
718.68	1933.49
718.86	3293.75
719.04	2893.37
719.23	2328.13
719.41	2136.03
719.59	2602.56
719.77	3210.40
719.96	1985.51
720.14	1938.61
720.32	3093.66
720.51	3055.16
720.69	1927.14
720.87	2214.26
721.05	2897.67
721.24	3488.10
721.42	1995.34
721.60	2347.79
721.78	3189.10
721.97	3420.72
722.15	1942.29
722.33	2359.87
722.51	2920.40
722.70	3247.67
722.88	1972.60
723.06	2153.44
723.25	2805.51
723.43	2989.22
723.61	2107.16
723.79	1853.00
723.98	2732.20
724.16	2893.58
724.34	2076.64
724.52	2161.84
724.71	2860.19
724.89	3066.01
725.07	2236.59
725.25	2027.90
725.43	2794.04
725.62	2835.21
725.80	2099.17
725.98	1950.28
726.16	2964.43
726.35	3082.40
726.53	2349.63
726.71	2001.68
726.89	2839.92
727.08	3178.04
727.26	2096.10
727.44	2061.69
727.62	2763.53
727.80	3304.81
727.99	1968.51
728.17	2099.58
728.35	2631.23
728.53	3123.77
728.71	2329.77
728.90	2033.02
729.08	3034.48
729.26	3037.14
729.44	1999.23
729.63	2346.77
729.81	2807.77
729.99	3113.32
730.17	1839.28
730.35	2138.08
730.53	3149.16
730.72	3031.20
730.90	2053.09
731.08	2161.84
731.26	3146.50
731.44	3222.68
731.63	2055.14
731.81	1975.47
731.99	3198.52
732.17	3296.00
732.35	2042.03
732.54	2217.34
732.72	2732.81
732.90	2966.28
733.08	2198.29
733.26	2202.18
733.44	3173.33
733.63	2968.94
733.81	2089.95
733.99	1976.90
734.17	3390.41
734.35	3168.41
734.53	2148.73
734.72	2126.82
734.90	3049.22
735.08	3070.52
735.26	1877.78
735.44	2305.40
735.62	3295.80
735.80	3330.41
735.99	1962.98
736.17	2087.08
736.35	3346.38
736.53	2921.02
736.71	2154.87
736.89	1933.69
737.07	2866.95
737.26	3108.00
737.44	1780.09
737.62	1875.53
737.80	2937.20
737.98	2671.17
738.16	2152.82
738.34	1978.13
738.53	2737.32
738.71	3039.60
738.89	2070.70
739.07	2072.13
739.25	3127.45
739.43	2936.79
739.61	1790.33
739.79	2203.41
739.97	3236.81
740.16	3224.12
740.34	2147.09
740.52	2324.65
740.70	3101.85
740.88	3259.55
741.06	1996.36
741.24	1963.18
741.42	3252.79
741.60	3018.91
741.79	1989.81
741.97	1870.41
742.15	3035.50
742.33	3380.99
742.51	1957.45
742.69	2029.95
742.87	2847.70
743.05	3079.12
743.23	1986.94
743.41	2246.01
743.59	3298.25
743.77	2987.78
743.96	1903.79
744.14	2237.41
744.32	2710.28
744.50	3223.30
744.68	1932.67
744.86	2074.18
745.04	2963.82
745.22	3023.62
745.40	1962.57
745.58	1929.80
745.76	3225.14
745.94	3179.27
746.12	2070.70
746.30	1997.18
746.49	2679.15
746.67	3410.28
746.85	2163.27
747.03	2068.86
747.21	2779.09
747.39	3024.44
747.57	2160.40
747.75	2170.85
747.93	3105.54
748.11	2870.84
748.29	2130.91
748.47	2407.59
748.65	2969.15
748.83	2898.90
749.01	2118.62
749.19	1887.41
749.37	3210.40
749.55	2969.35
749.73	2033.02
749.91	2093.43
750.09	3269.58
750.27	3064.99
750.45	1898.88
750.63	2057.18
750.81	2596.21
750.99	3216.74
751.17	1999.23
751.35	1943.93
751.53	2902.79
751.71	3138.10
751.89	2187.64
752.07	2023.80
752.25	2252.36
752.44	3117.62
752.62	2082.58
752.80	1929.80
752.98	2597.85
753.16	3077.07
753.34	2333.87
753.51	2095.69
753.69	3196.67
753.87	2954.19
754.05	1918.13
754.23	2054.11
754.41	2735.06
754.59	3082.60
754.77	2386.09
754.95	2054.93
755.13	2937.20
755.31	2940.06
755.49	2173.30
755.67	2057.18
755.85	3004.98
756.03	3215.93
756.21	1801.39
756.39	2091.18
756.57	3115.98
756.75	3341.47
756.93	1999.23
757.11	1953.15
757.29	3129.30
757.47	3210.81
757.65	1895.19
757.83	2196.65
758.01	2824.76
758.19	2958.29
758.37	2139.51
758.55	2069.27
758.73	2790.97
758.91	3146.29
759.09	2179.04
759.27	2419.68
759.44	3332.86
759.62	2852.00
759.80	2214.88
759.98	1969.33
760.16	3022.60
760.34	3322.21
760.52	1811.43
760.70	2189.89
760.88	3208.35
761.06	3127.86
761.24	2346.15
761.42	1985.92
761.60	3088.34
761.78	3161.24
761.95	1914.85
762.13	2209.55
762.31	3187.66
762.49	2976.72
762.67	2155.69
762.85	2211.40
763.03	3144.45
763.21	3081.99
763.39	2013.97
763.57	1985.92
763.75	2927.98
763.92	3194.01
764.10	1982.23
764.28	2106.54
764.46	3356.42
764.64	2906.27
764.82	2312.77
765.00	1917.72
765.18	3173.94
765.36	3025.05
765.54	1914.44
765.71	2169.00
765.89	2706.80
766.07	3129.91
766.25	1997.79
766.43	2109.00
766.61	2932.90
766.79	3340.03
766.97	2323.22
767.14	2034.66
767.32	3046.76
767.50	3025.46
767.68	2086.27
767.86	2149.55
768.04	2890.91
768.22	3295.59
768.40	1930.62
768.57	2185.18
768.75	3404.75
768.93	3175.99
769.11	2216.31
769.29	1923.04
769.47	2846.47
769.65	3409.87
769.82	2402.06
770.00	2067.42
770.18	2856.92
770.36	3022.39
770.54	1932.67
770.72	2010.90
770.89	3202.41
771.07	2989.42
771.25	2116.99
771.43	2019.30
771.61	2703.11
771.79	3019.53
771.96	2033.84
772.14	2127.84
772.32	2837.87
772.50	3154.28
772.68	2139.92
772.86	1978.75
773.03	3142.20
773.21	3143.84
773.39	1956.83
773.57	1800.78
773.75	2829.47
773.92	2966.07
774.10	1937.38
774.28	1888.84
774.46	3319.14
774.64	3215.72
774.82	2206.07
774.99	2011.51
775.17	2573.68
775.35	2926.14
775.53	2086.68
775.71	2079.30
775.88	2910.37
776.06	3136.05
776.24	2015.20
776.42	2000.25
776.59	2857.33
776.77	2912.21
776.95	2135.42
777.13	1983.05
777.31	3049.43
777.48	3098.58
777.66	2182.52
777.84	1822.49
778.02	2904.22
778.19	3343.51
778.37	2215.70
778.55	2095.89
778.73	2708.85
778.91	3117.62
779.08	1948.85
779.26	1957.45
779.44	2968.12
779.62	3096.94
779.79	1985.71
779.97	1817.16
780.15	3181.72
780.33	3094.28
780.50	2093.02
780.68	2097.32
780.86	3039.60
781.04	3116.60
781.21	2111.25
781.39	2107.36
781.57	3402.70
781.75	3059.05
781.92	1958.88
782.10	2325.88
782.28	3108.20
782.46	3047.38
782.63	1994.52
782.81	2215.70
782.99	2804.28
783.16	3109.64
783.34	1946.18
783.52	2284.10
783.70	2900.95
783.87	3130.53
784.05	1919.56
784.23	2077.66
784.41	3095.91
784.58	3149.78
784.76	2127.63
784.94	2043.05
785.11	2766.40
785.29	3151.00
785.47	2037.32
785.65	2338.37
785.82	3315.87
786.00	3132.16
786.18	2140.74
786.35	2271.20
786.53	3027.51
786.71	2926.55
786.88	1933.28
787.06	1930.42
787.24	3032.43
787.41	2957.68
787.59	2190.10
787.77	2090.57
787.95	3050.86
788.12	3132.78
788.30	2196.04
788.48	2201.57
788.65	3035.29
788.83	2710.69
789.01	2011.31
789.18	2144.84
789.36	3187.87
789.54	2744.69
789.71	1945.78
789.89	1947.21
790.07	3098.78
790.24	2889.68
790.42	1988.78
790.60	2122.72
790.77	3067.86
790.95	2834.59
791.13	1995.34
791.30	2107.16
791.48	2853.84
791.66	2926.75
791.83	2056.57
792.01	2050.02
792.18	2772.95
792.36	2859.17
792.54	1823.72
792.71	2065.17
792.89	2847.29
793.07	2944.77
793.24	2279.39
793.42	1961.95
793.60	3085.47
793.77	2905.45
793.95	1875.94
794.12	2277.14
794.30	3243.16
794.48	3113.32
794.65	1834.98
794.83	2287.58
795.01	3076.66
795.18	2998.84
795.36	2203.00
795.53	2035.89
795.71	2851.80
795.89	3084.04
796.06	2034.25
796.24	2152.01
796.41	3106.15
796.59	2860.81
796.77	2075.21
796.94	1943.11
797.12	2819.64
797.29	8963.14
797.47	2046.74
797.65	2047.35
797.82	2948.67
798.00	3072.16
798.17	2063.94
798.35	2084.83
798.53	3425.23
798.70	3042.67
798.88	2104.49
799.05	1974.86
799.23	3018.71
799.40	3169.23
799.58	1876.35
799.76	1940.66
799.93	2881.49
800.11	3246.64
800.28	2144.43
800.46	1968.30
800.63	2754.52
800.81	3261.19
800.99	1854.03
801.16	2354.34
801.34	3113.94
801.51	2945.39
801.69	1934.10
801.86	1996.56
802.04	2388.34
802.21	2842.79
802.39	1888.84
802.57	2602.35
802.74	2511.63
802.92	2832.75
803.09	1902.77
803.27	1957.45
803.44	2938.63
803.62	2775.41
803.79	1999.84
803.97	2057.18
804.14	3093.66
804.32	3209.78
804.49	2026.47
804.67	1975.47
804.84	2944.16
805.02	3037.14
805.20	2052.68
805.37	1948.64
805.55	3095.91
805.72	3003.76
805.90	2085.24
806.07	2013.15
806.25	2316.46
806.42	3183.16
806.60	1878.19
806.77	1943.73
806.95	3085.26
807.12	3241.12
807.30	2127.63
807.47	2096.30
807.65	2992.70
807.82	3472.13
808.00	2007.62
808.17	2475.58
808.35	2979.59
808.52	2973.65
808.70	2012.33
808.87	1961.75
809.05	2714.17
809.22	3058.44
809.40	1961.75
809.57	2162.86
809.75	3186.64
809.92	3220.02
810.09	2012.13
810.27	1991.04
810.44	2893.58
810.62	3293.95
810.79	2112.48
810.97	2031.18
811.14	3235.79
811.32	3015.43
811.49	2277.96
811.67	2115.96
811.84	3282.69
812.02	2824.56
812.19	2166.14
812.36	2288.61
812.54	3240.30
812.71	3266.51
812.89	2031.18
813.06	2112.89
813.24	3074.21
813.41	2856.92
813.59	2047.35
813.76	1848.29
813.93	2872.69
814.11	3149.78
814.28	2099.78
814.46	2294.13
814.63	2959.72
814.81	3174.35
814.98	2052.88
815.16	1953.97
815.33	2880.88
815.50	3227.19
815.68	1931.85
815.85	1954.38
816.03	3026.28
816.20	3359.08
816.37	2019.09
816.55	2082.17
816.72	3368.09
816.90	3263.44
817.07	1906.66
817.24	2054.11
817.42	2969.35
817.59	2972.22
817.77	2067.63
817.94	1894.99
818.11	3306.45
818.29	3150.19
818.46	2095.48
818.64	1783.99
818.81	2771.93
818.98	2965.46
819.16	2032.40
819.33	2010.90
819.51	3154.08
819.68	3156.74
819.85	2244.37
820.03	2017.66
820.20	3278.59
820.38	3245.62
820.55	1952.53
820.72	2162.45
820.90	2913.24
821.07	3032.63
821.24	2046.13
821.42	1988.78
821.59	3070.52
821.76	3249.31
821.94	1876.14
822.11	2333.66
822.29	3139.33
822.46	2727.28
822.63	1976.49
822.81	2227.37
822.98	2978.77
823.15	3175.79
823.33	1986.53
823.50	1968.10
823.67	3348.84
823.85	3051.06
824.02	1848.09
824.19	1885.36
824.37	2853.03
824.54	3017.27
824.71	1981.20
824.89	2090.77
825.06	3061.30
825.23	3386.11
825.41	1941.06
825.58	1866.11
825.75	2952.56
825.93	2960.54
826.10	2028.51
826.27	2141.77
826.45	3009.90
826.62	2978.36
826.79	1977.93
826.97	1961.13
827.14	2823.53
827.31	3251.56
827.48	1953.35
827.66	2248.87
827.83	2913.24
828.00	3128.07
828.18	2141.77
828.35	2055.55
828.52	2885.59
828.70	3087.11
828.87	1848.91
829.04	2097.32
829.21	2836.64
829.39	3154.28
829.56	1936.56
829.73	1828.43
829.91	2858.35
830.08	2896.44
830.25	1854.23
830.42	1963.59
830.60	3343.31
830.77	3599.10
830.94	1780.91
831.11	1662.75
831.29	2574.71
831.46	3356.62
831.63	1811.02
831.81	1846.04
831.98	3029.15
832.15	3535.41
832.32	1736.27
832.50	1903.59
832.67	3142.20
832.84	3026.08
833.01	1714.15
833.19	1876.35
833.36	3174.56
833.53	3342.28
833.70	1731.15
833.88	2188.46
834.05	3711.53
834.22	3085.47
834.39	1699.81
834.57	1737.50
834.74	2836.85
834.91	2868.39
835.08	1783.99
835.25	1955.81
835.43	3082.81
835.60	3298.66
835.77	1925.91
835.94	1844.20
836.12	3232.10
836.29	3281.05
836.46	1856.89
836.63	1760.23
836.80	3278.18
836.98	3314.84
837.15	1916.69
837.32	1891.71
837.49	2866.34
837.66	3303.58
837.84	1833.96
838.01	1990.83
838.18	3514.11
838.35	3387.34
838.52	1775.38
838.70	1865.49
838.87	2860.40
839.04	3661.15
839.21	1708.83
839.38	1892.73
839.56	3092.23
839.73	3083.22
839.90	1745.69
840.07	1680.97
840.24	2967.30
840.42	3437.31
840.59	1709.03
840.76	2082.78
840.93	2719.09
841.10	3307.67
841.27	1856.89
841.45	2107.97
841.62	3019.93
841.79	3149.57
841.96	1847.88
842.13	1892.53
842.30	2931.26
842.48	3823.15
842.65	1925.09
842.82	1696.54
842.99	2836.64
843.16	3505.51
843.33	1919.77
843.50	1825.56
843.68	2513.68
843.85	3341.88
844.02	1699.40
844.19	2283.28
844.36	3242.55
844.53	3144.04
844.70	1942.91
844.88	1983.87
845.05	2942.52
845.22	3208.96
845.39	1725.00
845.56	2044.69
845.73	3141.17
845.90	3349.66
846.07	1790.33
846.25	1738.93
846.42	2730.97
846.59	3317.71
846.76	1909.73
846.93	1714.76
847.10	3169.85
847.27	3514.11
847.44	1846.24
847.61	1766.17
847.79	2671.37
847.96	3506.94
848.13	1679.95
848.30	1958.47
848.47	2651.10
848.64	2849.75
848.81	1747.33
848.98	1905.23
849.15	3583.33
849.32	3411.30
849.49	1771.70
849.67	1852.39
849.84	2928.60
850.01	3156.53
850.18	1800.16
850.35	1769.45
850.52	2749.60
850.69	3831.75
850.86	1824.13
851.03	2269.76
851.20	3197.70
851.37	3109.43
851.54	1839.69
851.71	1801.60
851.89	3240.50
852.06	3393.48
852.23	1901.74
852.40	1821.26
852.57	2907.09
852.74	3527.22
852.91	1779.68
853.08	1919.56
853.25	3411.51
853.42	3457.18
853.59	1610.52
853.76	1799.55
853.93	3260.78
854.10	3490.97
854.27	1688.55
854.44	1834.98
854.61	3066.63
854.78	3169.44
854.95	1917.10
855.12	1916.49
855.29	3056.18
855.46	3446.94
855.63	1761.05
855.80	1842.76
855.97	3017.07
856.14	3500.59
856.31	1776.20
856.49	2007.62
856.66	3151.62
856.83	3270.61
857.00	1891.09
857.17	1896.83
857.34	2918.97
857.51	3522.92
857.68	1760.02
857.85	1803.24
858.02	3040.00
858.19	3414.17
858.36	1870.00
858.53	1866.31
858.70	3533.57
858.87	3101.85
859.04	1742.41
859.21	1821.05
859.37	3134.62
859.54	3443.45
859.71	1995.95
859.88	2053.29
860.05	3286.99
860.22	3279.41
860.39	1752.24
860.56	1927.14
860.73	3059.67
860.90	3423.79
861.07	1838.46
861.24	1659.06
861.41	2825.79
861.58	3171.48
861.75	1750.40
861.92	1822.90
862.09	3027.72
862.26	3173.12
862.43	1953.15
862.60	2037.93
862.77	3172.51
862.94	3494.24
863.11	1795.66
863.28	1808.15
863.45	3195.45
863.62	2962.39
863.78	1893.35
863.95	1885.77
864.12	3062.74
864.29	3363.38
864.46	2119.85
864.63	1787.88
864.80	3269.38
864.97	3266.71
865.14	1995.95
865.31	1948.64
865.48	2903.20
865.65	3351.30
865.82	1682.20
865.99	2007.21
866.15	3497.73
866.32	3402.70
866.49	1741.80
866.66	1754.29
866.83	3321.40
867.00	3198.93
867.17	1648.82
867.34	1936.35
867.51	3146.09
867.68	3371.98
867.84	2020.53
868.01	1990.01
868.18	3133.19
868.35	3556.09
868.52	1673.19
868.69	1800.16
868.86	3027.72
869.03	3510.83
869.20	1712.72
869.36	1839.90
869.53	3236.81
869.70	3642.31
869.87	1896.83
870.04	1921.20
870.21	2901.36
870.38	3274.50
870.55	1723.37
870.71	1866.52
870.88	3248.49
871.05	3297.43
871.22	1986.12
871.39	1881.47
871.56	3498.14
871.73	2977.34
871.89	1790.95
872.06	1911.98
872.23	2958.50
872.40	3209.37
872.57	2020.73
872.74	1851.16
872.91	3617.53
873.07	3119.67
873.24	1744.05
873.41	1710.26
873.58	2965.05
873.75	3513.29
873.92	1943.73
874.08	1988.37
874.25	2451.62
874.42	3009.29
874.59	1921.61
874.76	1796.07
874.93	2845.86
875.09	3289.45
875.26	1889.46
875.43	2022.98
875.60	2945.80
875.77	3202.00
875.93	1810.81
876.10	1829.66
876.27	2964.64
876.44	3091.82
876.61	1905.02
876.77	1685.48
876.94	2841.15
877.11	3547.70
877.28	1789.11
877.45	1716.40
877.61	3437.72
877.78	3157.15
877.95	1738.73
878.12	1730.53
878.29	3175.79
878.45	3659.92
878.62	1670.53
878.79	2081.76
878.96	3020.96
879.13	3094.48
879.29	1891.91
879.46	1829.66
879.63	3118.44
879.80	3527.83
879.96	1713.13
880.13	1942.50
880.30	2837.26
880.47	3333.27
880.63	1962.77
880.80	2138.08
880.97	3009.29
881.14	3216.13
881.30	2056.57
881.47	1979.98
881.64	3343.10
881.81	3405.98
881.97	1926.32
882.14	2102.85
882.31	3103.08
882.48	3382.02
882.64	1967.48
882.81	2006.19
882.98	3093.66
883.15	2973.86
883.31	1874.51
883.48	2106.54
883.65	2995.15
883.82	3510.22
883.98	1878.40
884.15	1965.03
884.32	3129.91
884.48	3405.98
884.65	1932.46
884.82	2021.14
884.99	3287.19
885.15	3260.78
885.32	1830.27
885.49	2001.07
885.65	3058.23
>>>>>End Processed Spectral Data<<<<<
