179.08	1200.52
179.29	1200.52
179.50	1200.52
179.72	1186.80
179.93	1206.46
180.15	2525.76
180.36	2106.34
180.58	3462.91
180.79	3348.84
181.00	1965.03
181.22	2017.25
181.43	3364.20
181.65	3600.12
181.86	2227.37
182.08	1776.41
182.29	3616.92
182.50	3198.72
182.72	1884.13
182.93	2345.74
183.15	3302.35
183.36	3564.28
183.57	1840.71
183.79	2137.46
184.00	3192.58
184.22	3409.05
184.43	2019.09
184.65	2205.66
184.86	3206.30
185.07	3215.52
185.29	1794.84
185.50	1953.15
185.72	3447.96
185.93	3382.43
186.14	1981.20
186.36	1952.94
186.57	3029.76
186.79	3922.88
187.00	2073.36
187.21	2177.20
187.43	3581.28
187.64	3304.81
187.86	1971.99
188.07	2328.13
188.28	3108.61
188.50	3701.70
188.71	2314.00
188.93	1979.16
189.14	2955.63
189.35	2846.27
189.57	1990.83
189.78	2010.70
190.00	3067.86
190.21	3298.87
190.42	1916.28
190.64	1819.01
190.85	3309.72
191.07	3506.94
191.28	1890.89
191.49	2169.41
191.71	3261.19
191.92	3392.67
192.14	1832.32
192.35	2264.23
192.56	3264.67
192.78	3464.55
192.99	1962.77
193.20	2288.40
193.42	3464.96
193.63	3446.12
193.85	2237.20
194.06	1948.03
194.27	2936.58
194.49	3710.51
194.70	2126.20
194.91	1932.26
195.13	3082.60
195.34	3097.14
195.56	2006.19
195.77	2107.56
195.98	3428.30
196.20	3327.95
196.41	2018.48
196.62	2131.32
196.84	2915.49
197.05	3269.58
197.27	1899.29
197.48	2083.81
197.69	2806.95
197.91	3014.81
198.12	1981.00
198.33	1710.46
198.55	3872.91
198.76	3531.93
198.97	1879.22
199.19	1985.51
199.40	2977.13
199.61	3490.15
199.83	1959.91
200.04	1880.85
200.26	3087.31
200.47	3612.41
200.68	1936.15
200.90	1919.77
201.11	3441.61
201.32	3553.43
201.54	1754.70
201.75	2024.01
201.96	2846.27
202.18	2944.36
202.39	2229.21
202.60	1942.70
202.82	2728.71
203.03	3211.22
203.24	2102.85
203.46	2231.67
203.67	3169.44
203.88	3505.10
204.10	1976.09
204.31	1900.31
204.52	3434.24
204.74	3473.15
204.95	2059.23
205.16	2112.48
205.38	3411.30
205.59	3676.31
205.80	1970.35
206.02	1844.81
206.23	3846.09
206.44	3166.36
206.66	2062.10
206.87	1962.16
207.08	3082.81
207.30	3758.02
207.51	2132.14
207.72	2242.32
207.94	3282.69
208.15	3523.33
208.36	2104.29
208.58	2062.51
208.79	3291.70
209.00	3533.16
209.22	2038.96
209.43	1994.11
209.64	3168.00
209.86	3081.58
210.07	2086.88
210.28	1892.12
210.50	3185.21
210.71	3683.27
210.92	2002.71
211.13	1956.01
211.35	2781.14
211.56	3322.83
211.77	2136.24
211.99	1933.69
212.20	3006.21
212.41	3049.84
212.63	1893.96
212.84	2039.78
213.05	3727.92
213.27	3496.09
213.48	1893.14
213.69	2039.16
213.90	2413.74
214.12	3257.09
214.33	1873.07
214.54	2170.03
214.76	2900.95
214.97	3540.12
215.18	1822.49
215.40	2589.04
215.61	3420.52
215.82	3408.23
216.03	1853.62
216.25	2028.10
216.46	2846.06
216.67	3671.19
216.89	1880.65
217.10	1888.84
217.31	2785.03
217.52	3241.32
217.74	2004.35
217.95	2031.38
218.16	2906.07
218.38	3604.02
218.59	1842.97
218.80	2011.72
219.01	3163.70
219.23	3610.98
219.44	1847.27
219.65	2001.28
219.87	2531.49
220.08	3355.19
220.29	1931.44
220.50	2129.27
220.72	3482.78
220.93	3175.38
221.14	1941.88
221.35	2065.17
221.57	2948.67
221.78	3666.07
221.99	1949.87
222.21	1847.27
222.42	3043.90
222.63	3517.39
222.84	1923.25
223.06	2147.70
223.27	3237.63
223.48	4137.51
223.69	1801.60
223.91	2111.87
224.12	3128.89
224.33	3616.30
224.54	2231.26
224.76	1999.43
224.97	3147.93
225.18	3379.56
225.39	2055.14
225.61	2021.55
225.82	3210.60
226.03	3689.42
226.24	1854.44
226.46	2282.46
226.67	2567.95
226.88	3336.76
227.09	2143.61
227.31	2059.64
227.52	3267.53
227.73	3457.18
227.94	2016.23
228.16	2053.70
228.37	3010.51
228.58	3589.27
228.79	2050.84
229.01	2045.72
229.22	3105.34
229.43	3334.30
229.64	2237.82
229.86	2081.35
230.07	3270.61
230.28	3811.68
230.49	2127.43
230.71	1956.42
230.92	3254.02
231.13	3769.29
231.34	1985.92
231.55	2098.55
231.77	2794.04
231.98	3547.70
232.19	1902.36
232.40	1961.75
232.62	2765.58
232.83	3107.79
233.04	2141.36
233.25	2116.58
233.46	2911.60
233.68	3464.55
233.89	2300.69
234.10	2190.71
234.31	3157.15
234.53	3741.02
234.74	1934.51
234.95	2085.04
235.16	3028.54
235.37	3522.10
235.59	1722.96
235.80	2156.92
236.01	2784.42
236.22	3362.97
236.44	2057.59
236.65	1866.72
236.86	2850.36
237.07	3439.36
237.28	2001.68
237.50	1987.76
237.71	2649.46
237.92	4418.70
238.13	1865.70
238.34	2143.40
238.56	2594.16
238.77	3703.34
238.98	1922.02
239.19	1937.38
239.40	3100.22
239.62	3947.87
239.83	2172.08
240.04	2076.23
240.25	3082.19
240.46	3265.49
240.68	1865.90
240.89	1885.97
241.10	3325.70
241.31	3307.88
241.52	1806.10
241.73	1846.24
241.95	3190.33
242.16	3748.60
242.37	1905.63
242.58	2032.40
242.79	3102.47
243.01	3283.51
243.22	2099.78
243.43	1766.17
243.64	3117.62
243.85	3568.18
244.06	1943.52
244.28	1899.90
244.49	3303.78
244.70	3818.44
244.91	2018.89
245.12	2059.64
245.34	3058.03
245.55	3314.84
245.76	1858.94
245.97	1885.56
246.18	3211.62
246.39	3225.35
246.61	2068.86
246.82	2020.32
247.03	3043.28
247.24	3222.27
247.45	1933.49
247.66	1976.29
247.88	2665.23
248.09	3325.90
248.30	1870.61
248.51	1801.39
248.72	3136.05
248.93	3245.21
249.15	1903.59
249.36	2320.76
249.57	3252.79
249.78	3546.47
249.99	2018.27
250.20	1913.01
250.41	3104.72
250.63	3311.57
250.84	1770.88
251.05	1990.83
251.26	2990.24
251.47	3099.81
251.68	2154.87
251.89	2189.89
252.11	2483.78
252.32	3198.72
252.53	1885.36
252.74	2006.39
252.95	3368.09
253.16	2740.39
253.37	1891.30
253.59	2020.12
253.80	3292.11
254.01	3341.47
254.22	1910.96
254.43	2325.06
254.64	3077.48
254.85	3416.42
255.07	1909.32
255.28	1890.48
255.49	2876.58
255.70	3552.20
255.91	1873.69
256.12	1865.29
256.33	3250.95
256.54	3616.10
256.76	1890.68
256.97	1912.60
257.18	2945.39
257.39	3283.51
257.60	2191.53
257.81	1961.34
258.02	3260.16
258.23	3544.21
258.45	2197.06
258.66	1937.99
258.87	3687.37
259.08	3619.78
259.29	1924.27
259.50	1999.43
259.71	3381.81
259.92	3743.48
260.13	1869.80
260.35	2011.31
260.56	3028.33
260.77	3611.39
260.98	1950.49
261.19	1980.59
261.40	2894.39
261.61	2705.57
261.82	1856.48
262.03	1954.17
262.25	3187.46
262.46	3583.95
262.67	2110.02
262.88	2046.94
263.09	3279.00
263.30	2970.17
263.51	1766.78
263.72	2126.82
263.93	3460.45
264.14	3716.45
264.36	1903.38
264.57	2154.46
264.78	3597.87
264.99	3395.12
265.20	1908.71
265.41	2239.45
265.62	2863.06
265.83	3636.17
266.04	2116.99
266.25	1957.04
266.46	3480.73
266.67	3314.23
266.89	1752.24
267.10	1886.38
267.31	3289.86
267.52	3208.55
267.73	2007.42
267.94	2027.08
268.15	3047.58
268.36	3525.99
268.57	1854.44
268.78	1918.33
268.99	2817.60
269.20	2918.97
269.41	1927.96
269.63	1863.45
269.84	2867.36
270.05	3568.79
270.26	1979.16
270.47	1961.75
270.68	3266.71
270.89	3628.59
271.10	1878.19
271.31	1982.02
271.52	2936.58
271.73	3276.34
271.94	1941.68
272.15	1988.37
272.36	2866.13
272.57	3612.62
272.78	2115.14
273.00	1951.10
273.21	2929.41
273.42	3474.17
273.63	1921.40
273.84	2031.79
274.05	3029.97
274.26	3294.57
274.47	2128.45
274.68	2347.38
274.89	3203.23
275.10	3195.04
275.31	2268.33
275.52	2216.93
275.73	3122.95
275.94	3262.41
276.15	2250.72
276.36	2083.60
276.57	2916.51
276.78	2997.61
276.99	2121.70
277.20	2050.63
277.41	3116.39
277.63	3078.92
277.84	2072.95
278.05	1980.18
278.26	2958.09
278.47	3038.16
278.68	2241.91
278.89	1903.79
279.10	3057.62
279.31	3102.26
279.52	2106.34
279.73	2109.82
279.94	3084.65
280.15	3528.45
280.36	2144.22
280.57	2278.98
280.78	3141.99
280.99	3144.04
281.20	2263.62
281.41	2028.51
281.62	2926.96
281.83	3141.58
282.04	2038.34
282.25	2233.92
282.46	3172.71
282.67	2730.56
282.88	2091.80
283.09	2055.96
283.30	3230.26
283.51	3241.12
283.72	2259.11
283.93	2193.78
284.14	3158.58
284.35	3037.75
284.56	2004.14
284.77	2131.94
284.98	2807.15
285.19	3216.95
285.40	2218.36
285.61	2188.46
285.82	3014.41
286.03	3218.18
286.24	1990.01
286.45	2027.90
286.66	2778.68
286.87	3290.88
287.08	2166.96
287.29	1992.47
287.50	3319.55
287.71	3222.68
287.92	2025.03
288.13	2102.85
288.34	2857.53
288.55	3084.65
288.76	1972.81
288.97	2179.65
289.18	2931.26
289.39	3050.24
289.60	1901.95
289.81	2201.57
290.02	3003.76
290.23	2986.96
290.44	2161.84
290.65	2120.26
290.86	2750.22
291.07	3182.54
291.28	2343.29
291.49	2015.82
291.70	2984.50
291.91	2608.70
292.12	2057.59
292.33	1964.62
292.54	3456.77
292.75	3288.63
292.96	2185.80
293.17	2230.24
293.38	3165.14
293.58	3319.14
293.79	1944.96
294.00	2263.62
294.21	2822.10
294.42	3455.13
294.63	2075.82
294.84	2063.53
295.05	3105.34
295.26	3504.48
295.47	1926.73
295.68	1953.35
295.89	2923.68
296.10	3317.71
296.31	2078.89
296.52	2301.71
296.73	2798.55
296.94	3171.89
297.15	2137.67
297.36	2297.82
297.57	2731.58
297.78	3156.33
297.98	2166.75
298.19	2464.32
298.40	3153.67
298.61	2981.23
298.82	2129.89
299.03	2434.22
299.24	3194.22
299.45	3614.05
299.66	1950.28
299.87	2083.81
300.08	2876.99
300.29	3096.32
300.50	2008.44
300.71	2286.15
300.92	3076.25
301.13	2988.81
301.33	2075.00
301.54	2275.50
301.75	2830.70
301.96	3176.19
302.17	2042.23
302.38	2002.30
302.59	3062.12
302.80	3298.87
303.01	2418.04
303.22	2392.44
303.43	3063.97
303.64	3202.00
303.85	2139.51
304.05	2151.80
304.26	3081.17
304.47	3060.48
304.68	2067.01
304.89	2196.45
305.10	2698.20
305.31	3061.30
305.52	2087.90
305.73	2035.48
305.94	2762.51
306.15	3133.19
306.35	2069.06
306.56	1973.42
306.77	2963.41
306.98	2986.76
307.19	2105.52
307.40	2167.16
307.61	3087.52
307.82	3151.00
308.03	2259.73
308.24	2327.31
308.45	3211.62
308.65	3453.08
308.86	2110.43
309.07	2214.88
309.28	2964.03
309.49	2857.53
309.70	2139.72
309.91	1998.41
310.12	2908.12
310.33	3044.92
310.53	1926.93
310.74	2099.17
310.95	3312.18
311.16	3179.27
311.37	1957.65
311.58	2318.30
311.79	3153.67
312.00	3020.34
312.20	2049.61
312.41	1982.64
312.62	3090.18
312.83	3284.94
313.04	2049.40
313.25	2389.77
313.46	2867.16
313.67	3310.95
313.87	2088.93
314.08	2214.26
314.29	2990.65
314.50	3301.33
314.71	2133.57
314.92	2026.47
315.13	3318.94
315.34	3186.64
315.54	2050.84
315.75	1959.09
315.96	2854.25
316.17	3030.99
316.38	1900.11
316.59	1990.42
316.80	3076.87
317.00	3272.45
317.21	2306.22
317.42	2077.46
317.63	2778.89
317.84	2980.41
318.05	2300.07
318.26	2095.69
318.46	3349.66
318.67	2567.74
318.88	2132.55
319.09	2159.58
319.30	2773.15
319.51	3122.13
319.71	2033.02
319.92	2041.62
320.13	3061.10
320.34	2731.99
320.55	2082.99
320.76	2103.47
320.97	2958.29
321.17	3190.53
321.38	2020.73
321.59	2141.77
321.80	3232.72
322.01	3010.31
322.22	2218.36
322.42	1985.10
322.63	2610.75
322.84	3452.47
323.05	2255.84
323.26	2227.37
323.47	2441.38
323.67	3064.79
323.88	1993.70
324.09	2157.94
324.30	3052.70
324.51	3170.26
324.71	1966.46
324.92	2025.65
325.13	3070.72
325.34	3026.90
325.55	1947.21
325.76	2147.50
325.96	3142.81
326.17	3367.68
326.38	1885.97
326.59	2189.28
326.80	3087.31
327.00	2947.23
327.21	1949.05
327.42	2335.71
327.63	2884.77
327.84	3051.06
328.04	2234.74
328.25	2021.14
328.46	2982.25
328.67	3085.26
328.88	2164.50
329.08	2008.24
329.29	2723.59
329.50	3043.90
329.71	2172.08
329.92	2042.23
330.12	2751.86
330.33	3133.80
330.54	2050.22
330.75	2521.46
330.96	3041.44
331.16	3081.78
331.37	1860.78
331.58	2197.27
331.79	2924.29
332.00	3027.72
332.20	1804.26
332.41	2106.13
332.62	3060.48
332.83	2884.36
333.03	1995.34
333.24	2585.15
333.45	3254.63
333.66	2838.89
333.87	2127.43
334.07	2055.14
334.28	2878.22
334.49	3306.86
334.70	2150.37
334.90	1857.30
335.11	3149.78
335.32	2903.81
335.53	2021.55
335.74	2167.57
335.94	3240.71
336.15	3292.31
336.36	2259.52
336.57	2185.39
336.77	2901.56
336.98	2540.91
337.19	2132.96
337.40	1980.18
337.60	2882.11
337.81	3001.71
338.02	1889.46
338.23	1828.84
338.43	2743.66
338.64	2955.01
338.85	2161.84
339.06	1991.65
339.26	2973.04
339.47	2912.21
339.68	1948.03
339.89	2185.80
340.09	3090.59
340.30	2905.04
340.51	2053.70
340.72	1945.78
340.92	3015.43
341.13	2993.93
341.34	1964.82
341.55	1988.17
341.75	2966.07
341.96	2863.88
342.17	1994.93
342.38	2073.98
342.58	3178.86
342.79	3225.14
343.00	2174.74
343.20	1991.85
343.41	2618.74
343.62	3076.46
343.83	2259.32
344.03	2048.79
344.24	2580.65
344.45	3304.40
344.66	1893.76
344.86	2205.66
345.07	2860.60
345.28	3113.32
345.48	2249.90
345.69	2086.88
345.90	2847.29
346.11	3132.57
346.31	2191.33
346.52	2116.37
346.73	2903.00
346.93	2990.65
347.14	1873.69
347.35	1835.18
347.56	3146.70
347.76	3261.80
347.97	1988.99
348.18	2119.85
348.38	3066.42
348.59	3254.43
348.80	1988.58
349.01	1966.87
349.21	2857.33
349.42	2846.68
349.63	2095.28
349.83	2160.20
350.04	3121.51
350.25	3203.23
350.45	2075.00
350.66	1966.87
350.87	2872.89
351.08	2997.82
351.28	2059.44
351.49	1981.20
351.70	2833.16
351.90	3491.38
352.11	1972.19
352.32	2466.98
352.52	3086.29
352.73	3126.84
352.94	2126.41
353.14	2090.57
353.35	2456.95
353.56	3273.06
353.76	2103.26
353.97	2215.90
354.18	3283.71
354.39	3158.58
354.59	2044.90
354.80	1934.92
355.01	2961.77
355.21	3321.81
355.42	2038.34
355.63	2165.93
355.83	2716.43
356.04	2977.75
356.25	2359.67
356.45	2372.78
356.66	2895.83
356.87	2913.03
357.07	2075.00
357.28	2071.93
357.49	2915.49
357.69	2607.06
357.90	1796.89
358.11	1841.33
358.31	3442.02
358.52	3132.57
358.72	2019.09
358.93	1900.11
359.14	3258.52
359.34	3251.97
359.55	1999.84
359.76	2035.27
359.96	2621.20
360.17	2585.36
360.38	2145.66
360.58	1978.75
360.79	3293.54
361.00	3219.82
361.20	1933.49
361.41	2063.94
361.62	2750.83
361.82	3203.02
362.03	2061.69
362.23	2044.69
362.44	3010.72
362.65	3331.02
362.85	2182.93
363.06	2267.10
363.27	2843.81
363.47	3209.99
363.68	2065.58
363.89	1968.71
364.09	3046.56
364.30	3265.08
364.50	2063.94
364.71	2204.64
364.92	2717.24
365.12	3143.02
365.33	2085.24
365.54	2121.08
365.74	2975.49
365.95	3043.69
366.15	2096.71
366.36	2225.32
366.57	3331.43
366.77	3202.20
366.98	2004.14
367.18	2133.98
367.39	3036.32
367.60	3173.33
367.80	1908.71
368.01	2161.63
368.22	2878.01
368.42	3372.19
368.63	2104.90
368.83	2124.56
369.04	2676.49
369.25	3413.96
369.45	2004.35
369.66	2309.29
369.86	2982.66
370.07	2966.28
370.28	1878.19
370.48	2284.71
370.69	2766.19
370.89	2928.80
371.10	1898.47
371.31	2213.44
371.51	2928.60
371.72	3841.37
371.92	2164.91
372.13	2249.49
372.33	3226.98
372.54	3048.20
372.75	1976.90
372.95	2135.21
373.16	2830.70
373.36	2859.58
373.57	2075.62
373.78	2203.20
373.98	3341.26
374.19	3125.61
374.39	2029.33
374.60	1973.22
374.80	3238.25
375.01	2982.46
375.22	1916.28
375.42	2171.26
375.63	2865.72
375.83	3285.35
376.04	2172.28
376.24	1898.67
376.45	2853.43
376.66	2762.51
376.86	1971.78
377.07	2009.67
377.27	2651.91
377.48	3190.33
377.68	2114.94
377.89	1982.64
378.09	2882.52
378.30	3033.25
378.51	1965.23
378.71	2142.58
378.92	2631.44
379.12	3092.43
379.33	1949.87
379.53	2377.90
379.74	3072.98
379.94	2907.50
380.15	2074.80
380.36	2090.98
380.56	3036.32
380.77	2950.10
380.97	2009.88
381.18	2248.46
381.38	2852.62
381.59	2876.78
381.79	1988.58
382.00	2172.89
382.20	2832.14
382.41	3065.40
382.61	2159.58
382.82	2050.22
383.03	2643.11
383.23	3381.20
383.44	1974.04
383.64	1984.28
383.85	2948.67
384.05	2971.81
384.26	1942.29
384.46	2115.55
384.67	3018.50
384.87	2863.27
385.08	1918.13
385.28	2067.01
385.49	2993.52
385.69	2845.65
385.90	2624.27
386.10	1917.51
386.31	2926.34
386.51	3249.92
386.72	1945.98
386.92	2158.35
387.13	2926.75
387.33	3159.20
387.54	2240.07
387.74	1918.54
387.95	3022.19
388.15	2884.77
388.36	2237.82
388.56	1929.19
388.77	2701.07
388.97	3137.69
389.18	2191.74
389.38	2115.76
389.59	3135.64
389.79	3143.43
390.00	2061.89
390.20	2600.51
390.41	2841.15
390.61	2985.53
390.82	1970.76
391.02	2027.69
391.23	2964.03
391.43	3371.57
391.64	2058.62
391.84	1971.58
392.05	2760.87
392.25	3097.55
392.46	2000.46
392.66	1924.27
392.87	2969.76
393.07	3079.74
393.28	1960.73
393.48	2060.46
393.69	3341.67
393.89	3014.61
394.10	2244.57
394.30	2021.55
394.51	2969.15
394.71	3003.96
394.92	1962.57
395.12	2144.63
395.32	4162.50
395.53	2895.01
395.73	2100.60
395.94	1990.22
396.14	3006.21
396.35	3141.99
396.55	2290.65
396.76	2004.96
396.96	3171.48
397.17	2909.34
397.37	2172.08
397.58	2278.37
397.78	2739.36
397.98	3113.32
398.19	2022.78
398.39	2259.32
398.60	2478.04
398.80	2978.16
399.01	2437.29
399.21	2131.73
399.42	3074.82
399.62	3003.14
399.83	2068.24
400.03	1919.97
400.23	2601.33
400.44	3112.91
400.64	2100.40
400.85	2166.14
401.05	2980.82
401.26	2772.95
401.46	2197.47
401.66	2330.18
401.87	3044.31
402.07	2631.03
402.28	2011.11
402.48	2206.28
402.69	3114.35
402.89	3045.53
403.09	2101.83
403.30	1917.72
403.50	3195.24
403.71	2831.32
403.91	2115.35
404.12	2554.23
404.32	2658.88
404.52	2780.12
404.73	2277.96
404.93	1973.22
405.14	2253.38
405.34	3215.31
405.54	2025.03
405.75	2196.45
405.95	3223.09
406.16	3073.80
406.36	2208.73
406.57	2062.92
406.77	3058.64
406.97	3109.43
407.18	2078.28
407.38	1949.46
407.59	3068.68
407.79	2982.05
407.99	2110.43
408.20	2125.18
408.40	3199.34
408.61	2559.35
408.81	2145.25
409.01	2077.25
409.22	3345.97
409.42	3126.63
409.63	2080.74
409.83	2057.80
410.03	2658.88
410.24	3191.35
410.44	2128.66
410.64	2323.01
410.85	2878.42
411.05	3134.62
411.26	2158.15
411.46	2028.51
411.66	3188.89
411.87	3125.00
412.07	2000.25
412.28	2177.61
412.48	3179.47
412.68	2757.79
412.89	2135.83
413.09	2249.49
413.29	3093.87
413.50	3417.45
413.70	2029.54
413.91	2203.61
414.11	2999.05
414.31	3054.95
414.52	2010.29
414.72	1974.65
414.92	3183.77
415.13	3113.32
415.33	1988.78
415.53	2079.71
415.74	3280.23
415.94	3126.63
416.14	2085.24
416.35	1874.51
416.55	3054.14
416.76	3091.20
416.96	2121.90
417.16	2046.13
417.37	2974.88
417.57	3029.76
417.77	1902.36
417.98	2179.24
418.18	2841.15
418.38	3172.51
418.59	2002.91
418.79	1992.47
418.99	2737.52
419.20	3222.68
419.40	2039.57
419.60	2241.09
419.81	2930.85
420.01	3040.82
420.21	2278.37
420.42	2213.44
420.62	2906.07
420.82	2965.25
421.03	1962.57
421.23	2194.19
421.43	2713.15
421.64	3030.99
421.84	1881.06
422.04	2025.44
422.25	2896.44
422.45	2812.68
422.65	1898.88
422.86	2268.53
423.06	2517.77
423.26	2913.03
423.47	1986.94
423.67	2159.99
423.87	2918.15
424.08	2695.13
424.28	2033.22
424.48	2164.70
424.68	2990.03
424.89	3031.40
425.09	2142.79
425.29	2193.78
425.50	2772.74
425.70	2872.89
425.90	2198.08
426.11	2090.16
426.31	3272.04
426.51	3130.32
426.71	2201.36
426.92	2183.13
427.12	3135.44
427.32	3001.50
427.53	2190.10
427.73	2319.73
427.93	3238.04
428.14	3323.03
428.34	2008.03
428.54	2192.76
428.74	3035.91
428.95	3251.36
429.15	1999.02
429.35	2098.76
429.56	2609.11
429.76	2914.26
429.96	2157.54
430.16	2089.54
430.37	2993.93
430.57	3064.99
430.77	2189.48
430.97	2172.69
431.18	2898.90
431.38	3161.04
431.58	2332.43
431.79	2097.32
431.99	3099.19
432.19	3205.07
432.39	2620.79
432.60	2227.99
432.80	3065.81
433.00	3426.46
433.20	2110.02
433.41	2185.18
433.61	3139.95
433.81	2954.19
434.01	2212.83
434.22	2216.72
434.42	3462.30
434.62	3015.22
434.82	2207.51
435.03	2077.05
435.23	3051.68
435.43	3471.10
435.63	2087.49
435.84	2128.45
436.04	2958.50
436.24	3369.93
436.44	2238.23
436.65	2365.81
436.85	3006.83
437.05	2949.69
437.25	2101.63
437.46	2020.94
437.66	3022.60
437.86	3290.27
438.06	2223.27
438.27	2209.14
438.47	3099.19
438.67	3100.42
438.87	2131.32
439.08	2246.01
439.28	3010.72
439.48	3305.83
439.68	2323.22
439.88	2360.49
440.09	3265.08
440.29	3063.76
440.49	2036.30
440.69	2404.11
440.90	3130.73
441.10	3154.08
441.30	2166.96
441.50	2215.08
441.70	3205.69
441.91	3215.52
442.11	2443.64
442.31	2326.90
442.51	2737.52
442.71	3287.40
442.92	2371.96
443.12	2268.33
443.32	3373.41
443.52	3379.76
443.73	2373.60
443.93	2530.06
444.13	3248.90
444.33	3506.12
444.53	2433.60
444.74	2405.54
444.94	3071.75
445.14	3492.40
445.34	2451.62
445.54	2519.00
445.74	3073.39
445.95	3719.52
446.15	2508.15
446.35	2620.38
446.55	3537.46
446.75	3526.81
446.96	2374.82
447.16	2308.06
447.36	2974.06
447.56	3608.93
447.76	2413.74
447.97	2316.87
448.17	3266.51
448.37	3297.43
448.57	2613.21
448.77	2835.21
448.97	3316.28
449.18	3447.14
449.38	2293.52
449.58	2491.97
449.78	3144.45
449.98	3405.98
450.18	2352.91
450.39	2383.22
450.59	3245.83
450.79	3246.03
450.99	2794.66
451.19	2220.00
451.39	3345.97
451.60	3410.89
451.80	2298.64
452.00	2535.79
452.20	3266.51
452.40	3372.39
452.60	2381.38
452.80	2422.95
453.01	3181.93
453.21	3377.31
453.41	2376.05
453.61	2355.37
453.81	2802.24
454.01	3306.86
454.22	2451.01
454.42	2325.88
454.62	3393.48
454.82	3414.99
455.02	2326.08
455.22	2282.87
455.42	2970.37
455.62	3356.62
455.83	2333.25
456.03	2589.86
456.23	3089.16
456.43	3141.17
456.63	2240.27
456.83	2237.20
457.03	3526.19
457.24	3184.18
457.44	2112.07
457.64	2395.10
457.84	3078.30
458.04	3485.85
458.24	2270.17
458.44	2329.56
458.64	2898.90
458.84	3252.17
459.05	2467.60
459.25	2317.07
459.45	2998.02
459.65	3279.62
459.85	2594.78
460.05	2445.89
460.25	3098.17
460.45	3106.15
460.65	2354.14
460.86	2258.50
461.06	3101.24
461.26	3154.90
461.46	2244.16
461.66	2282.26
461.86	3384.06
462.06	3532.95
462.26	2191.53
462.46	2311.34
462.66	3115.57
462.87	2876.99
463.07	2030.15
463.27	2209.35
463.47	3148.75
463.67	3213.06
463.87	2120.26
464.07	4116.83
464.27	2972.83
464.47	3192.58
464.67	2272.63
464.87	2307.86
465.08	3186.23
465.28	2961.98
465.48	2206.28
465.68	2259.93
465.88	3428.50
466.08	3225.35
466.28	2117.39
466.48	2207.30
466.68	3090.38
466.88	3272.24
467.08	2213.65
467.28	2260.55
467.48	3018.09
467.68	3174.56
467.89	2310.31
468.09	2264.64
468.29	2888.66
468.49	3364.81
468.69	2226.14
468.89	2215.49
469.09	3050.04
469.29	3286.58
469.49	1931.44
469.69	2289.42
469.89	3194.42
470.09	3227.60
470.29	2186.00
470.49	2744.28
470.69	3217.56
470.89	3243.16
471.09	2092.41
471.29	2320.55
471.49	3104.31
471.70	3582.51
471.90	2339.19
472.10	2231.26
472.30	2914.67
472.50	2897.67
472.70	2135.42
472.90	2501.59
473.10	3435.88
473.30	3196.67
473.50	2124.56
473.70	2163.27
473.90	3467.21
474.10	3282.28
474.30	1972.40
474.50	2098.76
474.70	3547.29
474.90	3019.53
475.10	2181.50
475.30	2219.38
475.50	2892.14
475.70	3213.67
475.90	2341.65
476.10	2316.25
476.30	2965.25
476.50	3230.88
476.70	2165.73
476.90	2312.77
477.10	3074.82
477.30	3194.22
477.50	2122.92
477.70	2364.79
477.90	3262.62
478.10	3427.48
478.30	2383.63
478.50	2194.40
478.70	2953.79
478.90	3346.79
479.10	2112.48
479.30	2280.62
479.50	3226.37
479.70	3556.09
479.90	2265.46
480.10	2445.27
480.30	3154.69
480.50	3341.67
480.70	2200.34
480.90	2312.57
481.10	2861.01
481.30	3218.38
481.50	2198.90
481.70	2410.25
481.90	3147.32
482.10	3339.01
482.30	2277.14
482.50	7805.83
482.70	2819.03
482.90	3022.19
483.10	2423.57
483.30	2292.91
483.50	3450.21
483.70	3473.15
483.90	2329.56
484.10	2297.41
484.30	3388.98
484.50	3265.28
484.70	2534.77
484.90	2426.84
485.10	3257.29
485.30	2975.29
485.50	2474.77
485.69	2490.33
485.89	3600.94
486.09	3610.16
486.29	2789.95
486.49	2541.53
486.69	3492.61
486.89	3701.09
487.09	2634.30
487.29	2774.79
487.49	3474.38
487.69	3984.32
487.89	3033.86
488.09	3159.40
488.29	3882.74
488.49	4462.52
488.69	4111.50
488.89	4445.94
489.09	5543.24
489.29	6243.64
489.48	6032.09
489.68	6951.83
489.88	8975.43
490.08	10377.67
490.28	10381.56
490.48	11355.58
490.68	13386.96
490.88	14562.49
491.08	14189.76
491.28	15281.33
491.48	16613.12
491.68	17235.50
491.88	16789.86
492.08	17256.59
492.27	18979.14
492.47	19154.24
492.67	18428.65
492.87	18762.47
493.07	20102.45
493.27	20062.93
493.47	19250.29
493.67	19388.12
493.87	20678.34
494.07	20402.07
494.27	19481.71
494.46	19597.42
494.66	20544.61
494.86	20598.26
495.06	19348.18
495.26	19326.48
495.46	20297.42
495.66	20085.45
495.86	19370.30
496.06	19680.37
496.26	19991.04
496.45	20405.35
496.65	19251.11
496.85	19127.21
497.05	20098.97
497.25	20559.56
497.45	19175.54
497.65	19185.78
497.85	20185.60
498.05	20029.13
498.24	19223.67
498.44	19016.00
498.64	19614.01
498.84	20207.92
499.04	18718.02
499.24	19255.00
499.44	20060.88
499.64	19897.65
499.83	18854.83
500.03	18664.78
500.23	20061.29
500.43	20132.56
500.63	18614.40
500.83	18909.10
501.03	19907.89
501.22	19967.29
501.42	19141.54
501.62	18806.09
501.82	19522.47
502.02	19709.86
502.22	18727.86
502.42	18694.27
502.62	19199.30
502.81	19316.65
503.01	18196.82
503.21	18342.43
503.41	19427.65
503.61	19336.10
503.81	18137.84
504.00	18298.40
504.20	18742.81
504.40	18906.23
504.60	18151.35
504.80	17967.65
505.00	18738.71
505.20	18795.64
505.39	17554.98
505.59	17833.51
505.79	18368.44
505.99	18673.17
506.19	17547.00
506.39	17620.31
506.58	18273.62
506.78	18406.12
506.98	17506.04
507.18	17384.18
507.38	18075.78
507.57	17997.75
507.77	16736.62
507.97	16930.97
508.17	17835.76
508.37	17528.36
508.57	16543.49
508.76	16462.39
508.96	16936.09
509.16	17259.87
509.36	15619.24
509.56	15466.67
509.75	16068.36
509.95	15046.43
510.15	14067.70
510.35	13788.97
510.55	13967.76
510.75	13456.38
510.94	12104.31
511.14	11406.37
511.34	11683.46
511.54	10753.68
511.74	9371.71
511.93	9329.11
512.13	9433.15
512.33	8612.94
512.53	6828.13
512.72	6451.92
512.92	6832.43
513.12	6564.56
513.32	5221.91
513.52	4410.92
513.71	5069.75
513.91	4927.21
514.11	3921.66
514.31	3397.38
514.51	4138.74
514.70	4123.18
514.90	3304.19
515.10	2921.43
515.30	3438.13
515.49	3793.25
515.69	2731.99
515.89	2780.53
516.09	3543.81
516.29	3840.97
516.48	2919.58
516.68	2665.64
516.88	3498.95
517.08	3637.60
517.27	2455.31
517.47	2516.75
517.67	3518.82
517.87	3476.84
518.06	2588.43
518.26	2455.10
518.46	3111.68
518.66	3581.49
518.85	2616.48
519.05	2516.95
519.25	3516.77
519.45	3074.21
519.64	2457.97
519.84	2658.06
520.04	3242.96
520.24	3460.04
520.43	2574.50
520.63	2559.35
520.83	2994.34
521.03	3424.41
521.22	2587.61
521.42	2445.27
521.62	3425.84
521.82	3518.00
522.01	2498.73
522.21	2683.04
522.41	3101.44
522.61	3468.44
522.80	2415.58
523.00	2609.52
523.20	3342.69
523.39	3659.92
523.59	2576.55
523.79	2495.86
523.99	3255.86
524.18	3592.96
524.38	2565.29
524.58	2652.32
524.77	3411.71
524.97	3241.32
525.17	2468.62
525.37	2580.24
525.56	3684.30
525.76	3512.68
525.96	2595.60
526.15	2358.44
526.35	3376.28
526.55	3532.34
526.75	2553.41
526.94	2678.74
527.14	3056.80
527.34	3642.72
527.53	2639.22
527.73	2454.70
527.93	3330.82
528.12	3388.98
528.32	2453.67
528.52	2624.68
528.72	3497.73
528.91	3502.23
529.11	2582.08
529.31	2530.67
529.50	3733.86
529.70	3236.00
529.90	2537.02
530.09	2384.65
530.29	3532.54
530.49	3412.94
530.68	2424.80
530.88	2803.26
531.08	3604.02
531.27	3408.84
531.47	2519.21
531.67	2562.21
531.86	3524.96
532.06	3225.96
532.26	2497.91
532.45	3018.09
532.65	3074.41
532.85	3053.93
533.04	2379.53
533.24	2569.59
533.44	3280.44
533.63	3387.95
533.83	2576.55
534.03	2952.76
534.22	3314.84
534.42	3304.81
534.62	2585.56
534.81	2533.13
535.01	2948.67
535.21	3674.47
535.40	2429.71
535.60	2985.94
535.80	3073.39
535.99	3535.82
536.19	2596.41
536.38	2514.50
536.58	3519.84
536.78	3385.29
536.97	2623.65
537.17	2694.51
537.37	3281.46
537.56	3503.26
537.76	2428.69
537.96	2496.06
538.15	3736.31
538.35	3768.06
538.54	2453.88
538.74	2640.65
538.94	3490.76
539.13	3468.44
539.33	2602.76
539.53	2527.40
539.72	3259.75
539.92	3548.72
540.11	2406.98
540.31	2568.15
540.51	3485.64
540.70	3674.67
540.90	2517.16
541.10	2469.65
541.29	3644.57
541.49	3342.90
541.68	2538.25
541.88	2617.51
542.08	3657.47
542.27	3419.70
542.47	2474.97
542.66	2532.52
542.86	3131.55
543.06	3667.09
543.25	2675.06
543.45	2974.67
543.64	3519.02
543.84	3475.40
544.04	2363.15
544.23	2792.61
544.43	3632.89
544.62	3673.65
544.82	2366.22
545.01	2556.48
545.21	3665.66
545.41	3457.38
545.60	2432.99
545.80	2622.42
545.99	3598.28
546.19	3617.94
546.39	2781.14
546.58	2591.09
546.78	3449.39
546.97	3496.09
547.17	2547.67
547.36	2587.20
547.56	3581.49
547.76	3588.86
547.95	2594.16
548.15	2560.17
548.34	3404.13
548.54	3479.91
548.73	2563.85
548.93	2580.03
549.12	3573.91
549.32	3132.98
549.52	2834.80
549.71	2581.87
549.91	3491.79
550.10	3321.40
550.30	2631.64
550.49	2371.55
550.69	3317.71
550.88	3494.65
551.08	2531.90
551.28	2538.87
551.47	3783.62
551.67	3327.13
551.86	2444.87
552.06	2815.55
552.25	3341.06
552.45	3774.00
552.64	2665.23
552.84	2901.15
553.03	3415.19
553.23	3888.68
553.42	2414.35
553.62	2637.78
553.81	3546.47
554.01	3649.69
554.21	2508.97
554.40	2524.94
554.60	3418.47
554.79	3235.18
554.99	2683.25
555.18	2723.18
555.38	3324.88
555.57	7129.59
555.77	2599.28
555.96	2707.01
556.16	3604.42
556.35	3694.13
556.55	2310.72
556.74	2472.10
556.94	3366.04
557.13	3586.61
557.33	2677.92
557.52	2561.80
557.72	3551.59
557.91	3751.88
558.11	2848.31
558.30	2656.63
558.50	3414.78
558.69	3593.16
558.89	2577.78
559.08	2444.66
559.28	3136.05
559.47	3654.60
559.67	2464.32
559.86	2750.01
560.06	3117.62
560.25	3528.04
560.45	2998.84
560.64	2628.57
560.84	3489.74
561.03	3670.37
561.23	2402.06
561.42	2308.88
561.62	3487.28
561.81	3640.26
562.00	2557.09
562.20	2913.65
562.39	3404.34
562.59	3510.22
562.78	2718.68
562.98	2555.46
563.17	3656.44
563.37	3328.77
563.56	2404.52
563.76	2467.19
563.95	3448.78
564.15	3472.95
564.34	2429.10
564.54	2636.15
564.73	3598.90
564.92	3788.33
565.12	2596.82
565.31	2661.13
565.51	3713.38
565.70	3679.18
565.90	2569.18
566.09	2835.41
566.29	3552.20
566.48	3825.81
566.67	2766.40
566.87	2544.19
567.06	3582.51
567.26	3325.49
567.45	2377.08
567.65	2403.50
567.84	3707.85
568.03	3812.50
568.23	2460.84
568.42	2867.77
568.62	3355.60
568.81	3614.05
569.01	2592.73
569.20	2331.82
569.39	3630.43
569.59	3712.76
569.78	2475.79
569.98	2609.11
570.17	3624.29
570.37	3408.23
570.56	2705.37
570.75	2499.75
570.95	3719.11
571.14	3723.00
571.34	2354.34
571.53	2280.21
571.72	3522.51
571.92	3592.14
572.11	2686.73
572.31	2915.28
572.50	3391.03
572.69	3044.10
572.89	2679.97
573.08	2569.18
573.28	3631.87
573.47	3740.82
573.66	2413.33
573.86	2460.02
574.05	3000.48
574.25	3696.38
574.44	2385.27
574.63	2572.66
574.83	3382.22
575.02	3503.66
575.22	2421.31
575.41	2554.02
575.60	3641.49
575.80	3581.90
575.99	2524.94
576.18	2378.31
576.38	3227.39
576.57	3877.01
576.77	2372.78
576.96	2331.61
577.15	3421.54
577.35	3825.20
577.54	2852.00
577.73	2421.72
577.93	3539.09
578.12	3595.82
578.31	2436.26
578.51	2440.56
578.70	2990.03
578.90	3925.34
579.09	2331.20
579.28	2636.35
579.48	3120.29
579.67	3719.93
579.86	2411.89
580.06	2470.46
580.25	3682.45
580.44	3882.95
580.64	2274.27
580.83	2317.28
581.02	3656.44
581.22	3582.10
581.41	2543.99
581.60	2425.00
581.80	3386.11
581.99	3779.53
582.18	2566.51
582.38	2697.58
582.57	2934.74
582.76	3901.18
582.96	2498.93
583.15	2525.56
583.34	3351.50
583.54	3320.78
583.73	2315.43
583.92	2385.27
584.12	3135.85
584.31	3491.38
584.50	2411.48
584.70	2889.07
584.89	3301.94
585.08	3740.00
585.28	2557.71
585.47	2425.20
585.66	3213.06
585.86	3428.71
586.05	2703.32
586.24	2489.72
586.43	3613.03
586.63	3584.15
586.82	2452.85
587.01	2494.22
587.21	3167.18
587.40	3878.85
587.59	2515.72
587.79	2481.52
587.98	3662.38
588.17	3513.09
588.36	2526.17
588.56	3011.33
588.75	3592.34
588.94	3592.34
589.14	2778.48
589.33	2351.68
589.52	3603.81
589.71	3783.83
589.91	2493.20
590.10	2469.65
590.29	3782.60
590.49	3728.94
590.68	2494.43
590.87	2514.70
591.06	3589.27
591.26	3403.31
591.45	2462.48
591.64	2524.33
591.84	3392.87
592.03	3913.46
592.22	2378.31
592.41	2441.59
592.61	3169.85
592.80	3333.27
592.99	2353.94
593.18	2521.87
593.38	3210.60
593.57	3316.28
593.76	2520.84
593.95	2341.85
594.15	3399.83
594.34	3800.01
594.53	2562.42
594.72	2466.37
594.92	3363.79
595.11	3580.87
595.30	2381.99
595.49	2380.35
595.69	3087.11
595.88	3504.07
596.07	2583.72
596.26	2549.52
596.46	3351.91
596.65	3285.97
596.84	2422.95
597.03	2439.34
597.22	3363.38
597.42	4087.34
597.61	2236.79
597.80	2363.97
597.99	3725.05
598.19	3335.73
598.38	2322.81
598.57	2547.06
598.76	3354.78
598.95	3477.86
599.15	2549.31
599.34	2325.06
599.53	3279.21
599.72	3006.01
599.92	2233.92
600.11	2221.84
600.30	3489.94
600.49	3539.91
600.68	2292.50
600.88	2343.29
601.07	3201.59
601.26	3501.00
601.45	2287.58
601.64	2465.14
601.84	3604.42
602.03	3604.42
602.22	2320.35
602.41	2331.82
602.60	3549.95
602.80	3508.99
602.99	2765.78
603.18	2507.74
603.37	3195.65
603.56	3058.03
603.76	2251.95
603.95	2277.96
604.14	3280.85
604.33	3582.10
604.52	2369.09
604.71	2196.86
604.91	2755.13
605.10	3611.18
605.29	2306.01
605.48	2153.23
605.67	3278.59
605.86	3394.10
606.06	2438.31
606.25	2163.27
606.44	3109.23
606.63	2973.86
606.82	2381.17
607.01	2295.57
607.21	3481.14
607.40	3250.54
607.59	2456.54
607.78	2602.56
607.97	3434.85
608.16	3561.42
608.36	2446.50
608.55	2249.49
608.74	3253.81
608.93	3362.56
609.12	2504.67
609.31	2358.85
609.50	3122.33
609.70	3626.54
609.89	2361.92
610.08	2463.50
610.27	3156.74
610.46	3414.58
610.65	2562.01
610.84	2414.15
611.03	3822.74
611.23	3412.12
611.42	2433.81
611.61	2456.13
611.80	3506.33
611.99	3459.63
612.18	2442.20
612.37	2206.48
612.56	3236.41
612.76	3288.83
612.95	2372.57
613.14	2301.71
613.33	3424.41
613.52	3455.74
613.71	2225.32
613.90	2587.20
614.09	3032.02
614.29	3183.16
614.48	2425.41
614.67	2170.23
614.86	3241.52
615.05	3791.20
615.24	2357.21
615.43	2453.06
615.62	3763.96
615.81	3262.41
616.00	2413.74
616.20	2468.83
616.39	3427.89
616.58	3122.13
616.77	2291.47
616.96	2303.56
617.15	3558.76
617.34	3275.11
617.53	2420.70
617.72	2329.97
617.91	3049.22
618.10	3409.87
618.29	2222.25
618.49	2214.67
618.68	3379.76
618.87	3394.71
619.06	2274.06
619.25	2286.15
619.44	2970.17
619.63	3042.67
619.82	2417.63
620.01	2184.57
620.20	3227.80
620.39	3559.37
620.58	2214.67
620.77	2413.12
620.96	3480.11
621.16	3334.71
621.35	2327.72
621.54	2436.47
621.73	3703.75
621.92	3539.91
622.11	2485.01
622.30	2286.97
622.49	3306.65
622.68	3337.37
622.87	2431.14
623.06	2346.36
623.25	3588.25
623.44	3650.71
623.63	2186.41
623.82	2358.03
624.01	3309.11
624.20	3503.66
624.39	2588.84
624.58	2473.13
624.77	3180.09
624.96	3373.21
625.15	2189.69
625.34	2298.44
625.53	3363.38
625.72	3604.22
625.92	2343.08
626.11	2382.61
626.30	3544.83
626.49	3430.35
626.68	2349.63
626.87	2430.73
627.06	3642.72
627.25	3472.54
627.44	2464.73
627.63	2483.78
627.82	2683.66
628.01	3308.29
628.20	2193.99
628.39	2355.37
628.58	3185.41
628.77	3783.21
628.96	2145.66
629.15	2269.97
629.34	3211.62
629.53	3432.60
629.72	2685.71
629.91	2736.70
630.10	3604.42
630.29	3349.86
630.48	2223.48
630.67	2363.97
630.86	3299.07
631.05	3336.96
631.24	2102.65
631.43	2302.74
631.62	2999.25
631.81	3627.16
632.00	2271.81
632.19	2535.18
632.37	3697.40
632.56	3282.89
632.75	2310.31
632.94	2622.01
633.13	3568.18
633.32	3206.30
633.51	2168.59
633.70	2205.46
633.89	3311.98
634.08	3422.97
634.27	2170.64
634.46	2505.89
634.65	3217.15
634.84	3559.98
635.03	2391.41
635.22	2431.35
635.41	3317.91
635.60	3589.27
635.79	2174.74
635.98	2306.22
636.17	3104.52
636.36	3211.62
636.55	2122.92
636.74	2288.61
636.92	3576.78
637.11	3377.51
637.30	2405.13
637.49	2338.99
637.68	3098.99
637.87	3438.95
638.06	2427.25
638.25	2267.31
638.44	3077.07
638.63	3290.88
638.82	2138.28
639.01	2203.41
639.20	3029.76
639.39	3484.00
639.58	2259.11
639.76	2215.08
639.95	3349.86
640.14	3167.39
640.33	2146.68
640.52	2185.39
640.71	3166.57
640.90	3273.47
641.09	2237.82
641.28	2209.14
641.47	3384.88
641.66	3370.34
641.84	2133.98
642.03	2107.77
642.22	3097.14
642.41	2951.53
642.60	2195.63
642.79	2159.99
642.98	3214.29
643.17	3221.86
643.36	2167.77
643.55	2198.08
643.73	2975.90
643.92	3562.85
644.11	2159.79
644.30	2473.95
644.49	3411.10
644.68	3601.56
644.87	2239.25
645.06	2558.12
645.25	2865.31
645.43	3412.33
645.62	2335.91
645.81	2187.64
646.00	3377.10
646.19	3239.27
646.38	2420.70
646.57	2161.43
646.76	3097.14
646.94	3595.00
647.13	2139.92
647.32	2259.93
647.51	3359.28
647.70	2920.40
647.89	1991.44
648.08	2176.38
648.26	3107.38
648.45	3496.29
648.64	2207.10
648.83	2115.55
649.02	2862.45
649.21	3123.77
649.40	2240.27
649.58	2187.23
649.77	2947.03
649.96	3405.16
650.15	2004.35
650.34	2043.46
650.53	3099.40
650.71	3008.06
650.90	2221.64
651.09	2491.15
651.28	3219.20
651.47	2961.16
651.66	2442.20
651.84	2254.81
652.03	4123.59
652.22	3378.12
652.41	2229.21
652.60	2274.27
652.79	3019.32
652.97	3292.31
653.16	2104.08
653.35	2257.89
653.54	3084.86
653.73	3714.20
653.91	2108.38
654.10	2143.20
654.29	2978.77
654.48	3468.44
654.67	2284.30
654.86	2215.29
655.04	3004.98
655.23	3185.41
655.42	2183.34
655.61	2476.61
655.80	3096.53
655.98	3351.50
656.17	2231.47
656.36	2188.25
656.55	3724.44
656.73	3178.86
656.92	2117.39
657.11	2235.15
657.30	3456.15
657.49	3638.83
657.67	2186.62
657.86	2361.51
658.05	3044.31
658.24	2954.19
658.43	2051.66
658.61	2128.86
658.80	3078.92
658.99	3161.04
659.18	2064.76
659.36	2011.31
659.55	2635.53
659.74	3173.33
659.93	2120.88
660.12	2124.36
660.30	3495.06
660.49	3256.88
660.68	2138.08
660.87	2469.44
661.05	3078.30
661.24	3087.11
661.43	2151.19
661.62	2494.43
661.80	2812.07
661.99	3140.76
662.18	2135.21
662.37	2358.85
662.55	3243.78
662.74	3658.90
662.93	2220.61
663.12	2089.13
663.30	3375.05
663.49	3036.93
663.68	2015.20
663.87	2309.49
664.05	2984.30
664.24	2909.55
664.43	1919.15
664.61	2167.37
664.80	3195.45
664.99	2952.76
665.18	2127.43
665.36	2301.51
665.55	3095.91
665.74	2995.36
665.93	2072.13
666.11	2135.83
666.30	3149.37
666.49	3131.55
666.67	1928.57
666.86	2339.19
667.05	3508.17
667.24	3145.48
667.42	2204.02
667.61	2491.97
667.80	2985.32
667.98	3033.86
668.17	2108.38
668.36	2142.38
668.54	3091.00
668.73	3293.75
668.92	2502.00
669.11	2121.29
669.29	3244.80
669.48	3436.29
669.67	2186.21
669.85	2299.66
670.04	2976.11
670.23	3221.66
670.41	2206.28
670.60	2195.42
670.79	3308.49
670.97	3275.52
671.16	2223.68
671.35	1967.28
671.53	3120.90
671.72	2920.61
671.91	2085.24
672.10	2020.94
672.28	3297.02
672.47	3801.23
672.66	2282.05
672.84	2346.15
673.03	3275.11
673.22	3426.25
673.40	2168.80
673.59	2308.27
673.78	3072.36
673.96	3394.92
674.15	2101.83
674.33	2278.37
674.52	2814.73
674.71	3156.74
674.89	2030.56
675.08	2093.23
675.27	2623.24
675.45	3159.20
675.64	2209.96
675.83	2122.11
676.01	3097.14
676.20	2868.18
676.39	2034.66
676.57	2112.07
676.76	3078.51
676.94	3258.73
677.13	1957.24
677.32	2197.88
677.50	3315.66
677.69	3345.97
677.88	2085.65
678.06	2526.37
678.25	3242.34
678.44	3318.53
678.62	2020.94
678.81	2360.08
678.99	2979.79
679.18	3458.20
679.37	2030.36
679.55	2191.33
679.74	3176.60
679.92	3048.40
680.11	2099.78
680.30	2342.67
680.48	2832.34
680.67	3053.32
680.85	2214.47
681.04	2292.29
681.23	2755.95
681.41	3692.69
681.60	2193.78
681.78	2117.80
681.97	2712.94
682.16	3076.05
682.34	2202.39
682.53	2204.02
682.71	3017.27
682.90	2924.91
683.09	1944.75
683.27	2078.89
683.46	3309.93
683.64	3213.67
683.83	2100.40
684.02	1970.56
684.20	3024.85
684.39	2999.86
684.57	2549.93
684.76	2261.37
684.94	3096.32
685.13	2914.26
685.32	2080.53
685.50	2157.94
685.69	3122.54
685.87	3343.51
686.06	2063.33
686.24	2171.67
686.43	2856.92
686.61	3306.86
686.80	2106.75
686.99	2160.40
687.17	3012.97
687.36	3127.66
687.54	2004.14
687.73	2014.18
687.91	3338.60
688.10	3126.63
688.28	2063.33
688.47	1990.22
688.66	2822.31
688.84	3074.62
689.03	1931.44
689.21	1908.91
689.40	2864.90
689.58	3007.85
689.77	2366.84
689.95	2125.38
690.14	3127.25
690.32	3388.36
690.51	1902.15
690.69	2004.55
690.88	2990.03
691.06	3337.57
691.25	2102.04
691.43	2367.66
691.62	2804.08
691.80	3118.03
691.99	2135.42
692.18	2078.69
692.36	3348.22
692.55	3126.02
692.73	1928.78
692.92	2029.54
693.10	3214.70
693.29	3137.69
693.47	2196.24
693.66	2135.62
693.84	2638.81
694.03	2778.07
694.21	2171.46
694.40	1963.39
694.58	2696.56
694.77	2903.20
694.95	1959.50
695.14	2019.71
695.32	3245.01
695.50	3130.32
695.69	1984.28
695.87	2299.46
696.06	2972.22
696.24	3079.74
696.43	2220.41
696.61	2004.14
696.80	2914.26
696.98	3089.36
697.17	1922.63
697.35	2430.94
697.54	3053.73
697.72	3192.99
697.91	2130.09
698.09	2204.64
698.28	2678.54
698.46	3022.80
698.65	2111.05
698.83	2201.77
699.01	2739.98
699.20	3599.92
699.38	2101.22
699.57	2251.13
699.75	2688.57
699.94	2936.99
700.12	2078.28
700.31	2115.55
700.49	3113.94
700.67	3364.40
700.86	2267.92
701.04	1949.05
701.23	2962.80
701.41	3121.72
701.60	2076.23
701.78	1990.42
701.97	2882.93
702.15	3250.74
702.33	2094.87
702.52	2078.07
702.70	2977.75
702.89	3165.14
703.07	2313.18
703.26	2025.44
703.44	2492.79
703.62	3117.01
703.81	2037.32
703.99	1940.04
704.18	2742.43
704.36	2799.37
704.54	2014.18
704.73	2044.69
704.91	2738.95
705.10	3145.88
705.28	1981.82
705.46	2120.88
705.65	3182.13
705.83	3328.77
706.02	2200.34
706.20	2103.67
706.38	2998.43
706.57	2907.91
706.75	2212.42
706.94	2311.13
707.12	2557.50
707.30	3155.72
707.49	1990.22
707.67	1974.86
707.86	3040.62
708.04	3137.28
708.22	2182.11
708.41	2082.17
708.59	2934.74
708.78	3321.81
708.96	2259.52
709.14	1927.34
709.33	3074.21
709.51	3189.51
709.69	2148.93
709.88	1980.80
710.06	2910.78
710.24	2983.07
710.43	1947.41
710.61	1950.08
710.80	2916.72
710.98	2856.71
711.16	2122.51
711.35	2121.08
711.53	3230.26
711.71	2701.07
711.90	2061.28
712.08	1983.46
712.26	3076.87
712.45	3072.36
712.63	1905.23
712.81	2042.44
713.00	2813.50
713.18	3212.44
713.36	2123.95
713.55	2140.33
713.73	3048.81
713.91	2865.72
714.10	2041.82
714.28	1961.95
714.46	3110.25
714.65	3343.92
714.83	2055.14
715.01	1948.85
715.20	3153.67
715.38	2938.43
715.56	2029.54
715.75	2209.35
715.93	3175.38
716.11	2863.88
716.30	2020.53
716.48	1945.57
716.66	2912.01
716.85	3129.30
717.03	1856.48
717.21	2230.85
717.40	2748.37
717.58	2961.36
717.76	2225.53
717.94	2011.51
718.13	2833.57
718.31	3045.33
718.49	2117.60
718.68	1952.74
718.86	3314.84
719.04	2911.39
719.23	2369.50
719.41	2148.73
719.59	2587.81
719.77	3197.49
719.96	2000.87
720.14	1937.79
720.32	3103.70
720.51	3068.68
720.69	1935.13
720.87	2235.36
721.05	2924.50
721.24	3463.32
721.42	2003.73
721.60	2342.06
721.78	3207.94
721.97	3433.42
722.15	1941.68
722.33	2381.58
722.51	2931.46
722.70	3262.21
722.88	1976.29
723.06	2163.47
723.25	2856.51
723.43	2976.31
723.61	2111.66
723.79	1851.77
723.98	2738.54
724.16	2879.24
724.34	2081.76
724.52	2152.01
724.71	2839.10
724.89	3071.13
725.07	2245.39
725.25	2050.22
725.43	2812.27
725.62	2820.05
725.80	2090.57
725.98	1973.42
726.16	2959.11
726.35	3094.69
726.53	2361.92
726.71	2005.37
726.89	2863.06
727.08	3184.18
727.26	2113.50
727.44	2042.85
727.62	2775.20
727.80	3307.88
727.99	1995.13
728.17	2089.75
728.35	2658.47
728.53	3115.78
728.71	2353.32
728.90	2013.15
729.08	3025.26
729.26	3079.74
729.44	1963.80
729.63	2311.34
729.81	2799.57
729.99	3134.83
730.17	1862.63
730.35	2139.92
730.53	3127.66
730.72	3045.53
730.90	2046.94
731.08	2150.37
731.26	3174.97
731.44	3219.00
731.63	2054.73
731.81	1966.66
731.99	3199.95
732.17	3275.11
732.35	2037.52
732.54	2216.31
732.72	2743.66
732.90	2953.99
733.08	2200.75
733.26	2176.58
733.44	3170.87
733.63	2962.80
733.81	2075.62
733.99	1998.61
734.17	3365.63
734.35	3164.32
734.53	2132.14
734.72	2157.94
734.90	3057.21
735.08	3054.95
735.26	1883.93
735.44	2329.77
735.62	3257.50
735.80	3301.53
735.99	1959.50
736.17	2105.52
736.35	3372.80
736.53	2924.29
736.71	2136.44
736.89	1938.81
737.07	2858.15
737.26	3134.42
737.44	1806.10
737.62	1895.19
737.80	2895.62
737.98	2716.63
738.16	2179.04
738.34	1976.09
738.53	2742.64
738.71	3042.26
738.89	2048.79
739.07	2075.00
739.25	3140.76
739.43	2909.75
739.61	1793.00
739.79	2213.44
739.97	3190.74
740.16	3191.14
740.34	2165.32
740.52	2345.74
740.70	3106.97
740.88	3290.27
741.06	1994.52
741.24	1949.87
741.42	3264.26
741.60	3000.07
741.79	1981.82
741.97	1853.82
742.15	3015.22
742.33	3376.49
742.51	1980.59
742.69	2005.37
742.87	2828.65
743.05	3094.28
743.23	1977.72
743.41	2257.27
743.59	3318.94
743.77	2989.83
743.96	1921.40
744.14	2261.78
744.32	2718.88
744.50	3215.93
744.68	1934.92
744.86	2049.40
745.04	3002.32
745.22	3018.71
745.40	1934.31
745.58	1960.52
745.76	3240.91
745.94	3191.76
746.12	2071.73
746.30	1988.99
746.49	2677.10
746.67	3378.53
746.85	2179.24
747.03	2051.25
747.21	2779.09
747.39	3032.22
747.57	2129.89
747.75	2163.27
747.93	3070.52
748.11	2915.08
748.29	2147.70
748.47	2384.25
748.65	2938.02
748.83	2897.06
749.01	2159.58
749.19	1912.60
749.37	3192.99
749.55	2955.63
749.73	2034.25
749.91	2138.90
750.09	3267.94
750.27	3080.55
750.45	1903.38
750.63	2074.18
750.81	2592.73
750.99	3240.50
751.17	1975.47
751.35	1949.05
751.53	2901.77
751.71	3090.38
751.89	2192.15
752.07	2037.73
752.25	2282.87
752.44	3104.72
752.62	2096.71
752.80	1934.92
752.98	2597.85
753.16	3096.73
753.34	2342.47
753.51	2079.10
753.69	3228.01
753.87	2966.28
754.05	1920.38
754.23	2059.44
754.41	2736.70
754.59	3058.85
754.77	2399.81
754.95	2076.85
755.13	2950.51
755.31	2930.03
755.49	2177.40
755.67	2026.67
755.85	3010.72
756.03	3227.80
756.21	1775.38
756.39	2066.40
756.57	3139.13
756.75	3367.27
756.93	1985.71
757.11	1991.65
757.29	3131.55
757.47	3261.39
757.65	1898.26
757.83	2194.81
758.01	2847.09
758.19	2967.10
758.37	2144.22
758.55	2070.70
758.73	2748.37
758.91	3134.83
759.09	2177.61
759.27	2411.28
759.44	3322.62
759.62	2839.92
759.80	2230.24
759.98	1935.74
760.16	3017.07
760.34	3310.54
760.52	1817.78
760.70	2185.80
760.88	3208.14
761.06	3137.90
761.24	2347.38
761.42	2012.33
761.60	3127.25
761.78	3164.93
761.95	1924.89
762.13	2201.77
762.31	3182.34
762.49	2969.96
762.67	2136.44
762.85	2220.61
763.03	3140.15
763.21	3108.61
763.39	2021.35
763.57	1984.69
763.75	2922.86
763.92	3169.44
764.10	1995.13
764.28	2122.31
764.46	3341.67
764.64	2916.92
764.82	2314.82
765.00	1906.45
765.18	3178.65
765.36	3047.17
765.54	1920.38
765.71	2155.90
765.89	2712.74
766.07	3132.37
766.25	2013.77
766.43	2128.86
766.61	2938.22
766.79	3356.01
766.97	2328.34
767.14	2013.36
767.32	3047.99
767.50	3017.27
767.68	2090.57
767.86	2163.27
768.04	2890.09
768.22	3317.30
768.40	1960.52
768.57	2197.68
768.75	3377.51
768.93	3177.42
769.11	2207.71
769.29	1931.85
769.47	2823.33
769.65	3392.46
769.82	2452.44
770.00	2055.96
770.18	2839.10
770.36	3013.79
770.54	1967.28
770.72	1993.49
770.89	3224.73
771.07	2966.48
771.25	2128.66
771.43	1979.98
771.61	2709.26
771.79	3011.95
771.96	2038.75
772.14	2141.15
772.32	2842.99
772.50	3174.76
772.68	2163.06
772.86	1948.23
773.03	3126.43
773.21	3108.61
773.39	1982.23
773.57	1823.92
773.75	2828.86
773.92	2956.24
774.10	1883.72
774.28	1913.01
774.46	3317.91
774.64	3233.95
774.82	2208.32
774.99	2001.28
775.17	2569.38
775.35	2928.19
775.53	2066.40
775.71	2052.47
775.88	2897.06
776.06	3102.26
776.24	1996.97
776.42	1993.29
776.59	2846.68
776.77	2919.38
776.95	2122.72
777.13	1999.23
777.31	3076.05
777.48	3086.08
777.66	2176.79
777.84	1835.80
778.02	2934.12
778.19	3358.05
778.37	2235.97
778.55	2096.51
778.73	2683.66
778.91	3110.05
779.08	1973.42
779.26	1937.38
779.44	2956.04
779.62	3119.26
779.79	1982.64
779.97	1831.70
780.15	3198.31
780.33	3130.53
780.50	2089.95
780.68	2123.54
780.86	3081.58
781.04	3108.61
781.21	2137.46
781.39	2109.61
781.57	3388.57
781.75	3067.65
781.92	1978.34
782.10	2293.72
782.28	3109.23
782.46	3045.53
782.63	2038.34
782.81	2228.19
782.99	2800.39
783.16	3124.38
783.34	1973.83
783.52	2274.47
783.70	2895.42
783.87	3127.25
784.05	1927.75
784.23	2087.29
784.41	3086.08
784.58	3156.74
784.76	2128.66
784.94	2060.05
785.11	2778.27
785.29	3145.27
785.47	2036.09
785.65	2349.02
785.82	3322.01
786.00	3122.95
786.18	2130.30
786.35	2261.98
786.53	2999.46
786.71	2915.28
786.88	1943.93
787.06	1931.44
787.24	3046.56
787.41	2941.09
787.59	2205.87
787.77	2088.72
787.95	3078.71
788.12	3122.13
788.30	2203.82
788.48	2177.61
788.65	3027.10
788.83	2705.37
789.01	1995.95
789.18	2154.87
789.36	3197.08
789.54	2765.17
789.71	1944.55
789.89	1955.20
790.07	3115.17
790.24	2886.41
790.42	1999.84
790.60	2090.98
790.77	3075.43
790.95	2836.85
791.13	2024.83
791.30	2120.47
791.48	2860.40
791.66	2909.75
791.83	2042.03
792.01	2030.15
792.18	2758.00
792.36	2837.26
792.54	1851.16
792.71	2070.91
792.89	2849.95
793.07	2937.20
793.24	2281.03
793.42	1978.95
793.60	3039.19
793.77	2886.41
793.95	1893.35
794.12	2278.57
794.30	3220.43
794.48	3119.47
794.65	1838.67
794.83	2250.92
795.01	3066.22
795.18	3026.28
795.36	2198.49
795.53	2008.03
795.71	2825.58
795.89	3086.70
796.06	2008.85
796.24	2130.91
796.41	3100.83
796.59	2844.01
796.77	2054.73
796.94	1941.88
797.12	2824.97
797.29	8987.10
797.47	2029.74
797.65	2068.04
797.82	2975.70
798.00	3068.47
798.17	2071.93
798.35	2098.35
798.53	3447.76
798.70	3001.71
798.88	2100.60
799.05	1968.92
799.23	3014.00
799.40	3209.37
799.58	1901.54
799.76	1918.74
799.93	2872.28
800.11	3267.33
800.28	2127.63
800.46	1977.93
800.63	2760.05
800.81	3267.33
800.99	1860.78
801.16	2386.50
801.34	3102.06
801.51	2953.38
801.69	1971.99
801.86	2002.91
802.04	2394.08
802.21	2858.35
802.39	1889.46
802.57	2624.06
802.74	2528.22
802.92	2863.27
803.09	1894.17
803.27	1955.61
803.44	2939.04
803.62	2769.06
803.79	1953.97
803.97	2102.44
804.14	3068.27
804.32	3212.24
804.49	2021.35
804.67	1963.39
804.84	2948.05
805.02	3060.69
805.20	2050.02
805.37	1942.50
805.55	3138.31
805.72	3031.20
805.90	2078.89
806.07	2033.63
806.25	2318.92
806.42	3163.91
806.60	1873.89
806.77	1934.72
806.95	3094.89
807.12	3288.63
807.30	2131.53
807.47	2097.32
807.65	3004.17
807.82	3452.06
808.00	2014.79
808.17	2459.20
808.35	2980.00
808.52	2985.73
808.70	2006.19
808.87	1969.33
809.05	2719.50
809.22	3077.89
809.40	1980.59
809.57	2210.78
809.75	3200.98
809.92	3217.36
810.09	2033.43
810.27	2004.55
810.44	2901.15
810.62	3333.89
810.79	2109.00
810.97	1996.97
811.14	3215.72
811.32	3034.27
811.49	2299.05
811.67	2115.76
811.84	3254.02
812.02	2831.32
812.19	2162.04
812.36	2304.99
812.54	3203.23
812.71	3289.04
812.89	2000.87
813.06	2126.82
813.24	3036.52
813.41	2856.71
813.59	2051.04
813.76	1863.24
813.93	2880.26
814.11	3174.97
814.28	2109.82
814.46	2273.45
814.63	2978.36
814.81	3200.16
814.98	2044.90
815.16	1961.54
815.33	2872.89
815.50	3221.66
815.68	1952.33
815.85	1962.77
816.03	3023.21
816.20	3346.79
816.37	1976.49
816.55	2063.53
816.72	3388.98
816.90	3280.44
817.07	1914.24
817.24	2035.48
817.42	2953.79
817.59	2998.02
817.77	2058.62
817.94	1898.88
818.11	3315.87
818.29	3135.03
818.46	2101.01
818.64	1783.78
818.81	2796.71
818.98	2966.28
819.16	2055.34
819.33	2002.50
819.51	3162.47
819.68	3165.55
819.85	2219.18
820.03	2011.11
820.20	3298.05
820.38	3270.81
820.55	1943.93
820.72	2160.40
820.90	2943.55
821.07	3027.51
821.24	2052.06
821.42	2000.46
821.59	3073.39
821.76	3249.31
821.94	1874.92
822.11	2316.46
822.29	3134.83
822.46	2713.76
822.63	1989.60
822.81	2238.23
822.98	2962.80
823.15	3194.63
823.33	2009.26
823.50	2004.76
823.67	3332.86
823.85	3071.34
824.02	1856.48
824.19	1910.75
824.37	2862.65
824.54	3010.92
824.71	2004.76
824.89	2084.83
825.06	3076.05
825.23	3406.39
825.41	1972.19
825.58	1861.40
825.75	2951.94
825.93	2976.52
826.10	2040.60
826.27	2133.37
826.45	3029.56
826.62	2974.47
826.79	1983.87
826.97	1988.37
827.14	2829.68
827.31	3258.32
827.48	1955.81
827.66	2284.10
827.83	2900.33
828.00	3154.28
828.18	2111.46
828.35	2041.42
828.52	2928.19
828.70	3100.22
828.87	1832.32
829.04	2085.65
829.21	2833.77
829.39	3155.72
829.56	1932.67
829.73	1838.67
829.91	2865.72
830.08	2922.25
830.25	1878.60
830.42	1940.45
830.60	3350.89
830.77	3617.74
830.94	1780.09
831.11	1641.24
831.29	2594.37
831.46	3371.78
831.63	1813.89
831.81	1831.91
831.98	3047.58
832.15	3529.26
832.32	1744.25
832.50	1886.38
832.67	3115.78
832.84	2993.11
833.01	1714.76
833.19	1894.99
833.36	3181.52
833.53	3363.17
833.70	1740.77
833.88	2173.10
834.05	3718.50
834.22	3073.80
834.39	1717.02
834.57	1739.75
834.74	2828.24
834.91	2883.74
835.08	1804.26
835.25	1930.62
835.43	3079.74
835.60	3298.05
835.77	1922.02
835.94	1837.44
836.12	3219.41
836.29	3306.65
836.46	1868.98
836.63	1767.60
836.80	3308.08
836.98	3323.44
837.15	1916.28
837.32	1893.14
837.49	2862.65
837.66	3298.05
837.84	1834.57
838.01	1988.58
838.18	3480.93
838.35	3402.70
838.52	1791.77
838.70	1903.59
838.87	2842.38
839.04	3669.14
839.21	1720.70
839.38	1874.71
839.56	3098.17
839.73	3092.64
839.90	1725.00
840.07	1716.20
840.24	3006.42
840.42	3454.51
840.59	1733.81
840.76	2103.67
840.93	2698.40
841.10	3304.81
841.27	1891.09
841.45	2116.78
841.62	3031.40
841.79	3147.93
841.96	1841.33
842.13	1891.71
842.30	2941.91
842.48	3823.56
842.65	1914.03
842.82	1713.95
842.99	2855.48
843.16	3503.05
843.33	1924.89
843.50	1832.32
843.68	2520.64
843.85	3350.48
844.02	1701.25
844.19	2273.25
844.36	3267.74
844.53	3135.64
844.70	1956.83
844.88	1997.38
845.05	2939.65
845.22	3185.82
845.39	1718.86
845.56	2029.13
845.73	3134.62
845.90	3349.66
846.07	1783.17
846.25	1747.12
846.42	2750.01
846.59	3351.09
846.76	1897.85
846.93	1702.68
847.10	3209.37
847.27	3490.76
847.44	1856.48
847.61	1778.05
847.79	2675.26
847.96	3495.88
848.13	1682.20
848.30	1978.13
848.47	2656.42
848.64	2869.00
848.81	1757.36
848.98	1913.21
849.15	3533.16
849.32	3417.86
849.49	1795.04
849.67	1864.06
849.84	2935.97
850.01	3196.67
850.18	1816.75
850.35	1755.72
850.52	2759.23
850.69	3820.69
850.86	1842.97
851.03	2263.42
851.20	3174.56
851.37	3100.83
851.54	1859.35
851.71	1820.44
851.89	3224.32
852.06	3402.50
852.23	1903.38
852.40	1813.68
852.57	2915.28
852.74	3564.08
852.91	1776.41
853.08	1956.63
853.25	3425.84
853.42	3462.91
853.59	1622.61
853.76	1817.78
853.93	3269.58
854.10	3505.51
854.27	1697.56
854.44	1830.27
854.61	3062.53
854.78	3181.93
854.95	1930.01
855.12	1910.35
855.29	3085.47
855.46	3464.14
855.63	1751.42
855.80	1819.21
855.97	3029.76
856.14	3491.17
856.31	1789.92
856.49	2002.71
856.66	3147.11
856.83	3282.48
857.00	1955.81
857.17	1882.08
857.34	2911.39
857.51	3491.17
857.68	1766.58
857.85	1799.55
858.02	3081.99
858.19	3428.71
858.36	1882.29
858.53	1869.59
858.70	3558.14
858.87	3093.66
859.04	1743.85
859.21	1831.70
859.37	3150.80
859.54	3411.30
859.71	2013.15
859.88	2042.64
860.05	3281.87
860.22	3272.04
860.39	1736.47
860.56	1956.83
860.73	3060.48
860.90	3433.21
861.07	1845.42
861.24	1654.55
861.41	2827.22
861.58	3168.00
861.75	1732.58
861.92	1816.34
862.09	3036.32
862.26	3165.34
862.43	1946.18
862.60	2037.32
862.77	3160.22
862.94	3466.19
863.11	1803.03
863.28	1815.52
863.45	3248.49
863.62	2949.48
863.78	1872.25
863.95	1898.26
864.12	3081.17
864.29	3367.68
864.46	2132.55
864.63	1792.18
864.80	3243.37
864.97	3225.96
865.14	2008.44
865.31	1957.24
865.48	2896.85
865.65	3322.01
865.82	1666.02
865.99	2019.91
866.15	3493.43
866.32	3383.04
866.49	1746.30
866.66	1758.80
866.83	3334.09
867.00	3201.79
867.17	1659.06
867.34	1939.22
867.51	3145.88
867.68	3370.34
867.84	1988.99
868.01	2001.07
868.18	3116.39
868.35	3546.47
868.52	1705.75
868.69	1817.57
868.86	3025.67
869.03	3509.40
869.20	1728.49
869.36	1857.10
869.53	3214.90
869.70	3632.89
869.87	1881.26
870.04	1935.94
870.21	2877.40
870.38	3280.64
870.55	1722.75
870.71	1866.31
870.88	3243.57
871.05	3308.90
871.22	1988.17
871.39	1887.41
871.56	3505.30
871.73	2974.27
871.89	1798.53
872.06	1926.52
872.23	2970.78
872.40	3200.77
872.57	2002.71
872.74	1853.41
872.91	3621.22
873.07	3135.85
873.24	1758.59
873.41	1719.06
873.58	2952.76
873.75	3489.94
873.92	1938.20
874.08	2004.55
874.25	2428.48
874.42	3033.66
874.59	1919.56
874.76	1802.83
874.93	2857.53
875.09	3256.07
875.26	1884.54
875.43	2017.04
875.60	2952.15
875.77	3217.36
875.93	1772.11
876.10	1809.18
876.27	2996.79
876.44	3072.57
876.61	1879.01
876.77	1686.91
876.94	2842.99
877.11	3561.83
877.28	1773.34
877.45	1722.75
877.61	3451.65
877.78	3161.45
877.95	1765.55
878.12	1746.51
878.29	3167.80
878.45	3638.83
878.62	1672.17
878.79	2093.02
878.96	3031.81
879.13	3079.12
879.29	1896.62
879.46	1840.92
879.63	3140.15
879.80	3511.65
879.96	1703.30
880.13	1958.88
880.30	2838.28
880.47	3308.29
880.63	1964.00
880.80	2166.55
880.97	3019.93
881.14	3215.93
881.30	2067.22
881.47	1962.98
881.64	3332.66
881.81	3423.79
881.97	1920.79
882.14	2084.22
882.31	3128.07
882.48	3373.62
882.64	1990.01
882.81	2015.61
882.98	3095.50
883.15	2984.91
883.31	1842.15
883.48	2090.16
883.65	2988.19
883.82	3526.60
883.98	1889.87
884.15	1965.23
884.32	3158.79
884.48	3426.46
884.65	1920.79
884.82	2016.43
884.99	3271.83
885.15	3288.83
885.32	1776.20
885.49	1994.11
885.65	3075.64
>>>>>End Processed Spectral Data<<<<<
